15 50
10 2 1 1 3 1 2 1 1 1 4 1 2 1 1
2 12 3 1 2 1 1 2 1 3 1 2 2 1 1
1 3 15 2 1 1 3 1 2 1 1 1 2 1 3
1 1 2 11 2 3 1 1 1 2 1 3 1 2 1
3 2 1 2 14 1 2 1 3 1 2 2 1 1 2
1 1 1 3 1 13 1 2 1 3 1 2 1 3 1
2 1 3 1 2 1 16 1 2 1 3 1 2 1 1
1 2 1 1 1 2 1 10 3 2 1 1 1 2 1
1 1 2 1 3 1 2 3 12 1 2 1 3 1 2
1 3 1 2 1 3 1 2 1 11 1 2 1 3 1
4 1 1 1 2 1 3 1 2 1 15 1 2 1 3
1 2 1 3 2 2 1 1 1 2 1 13 3 2 1
2 2 2 1 1 1 2 1 3 1 2 3 14 1 1
1 1 1 2 1 3 1 2 1 3 1 2 1 12 2
1 1 3 1 2 1 1 1 2 1 3 1 1 2 13
5 7 6 4 8 3 9 2 6 5 7 4 8 3 6