0.000000 0.154682
0.057491 0.019627
0.937282 0.018430
0.994774 0.001573
0.942509 0.016794
1.000000 0.002174
1.879791 0.002811
1.937282 0.000214
0.893728 0.002456
0.951220 0.000312
1.831010 0.000311
1.888502 0.000025
1.836237 0.002820
1.893728 0.000360
2.773519 0.000409
2.831010 0.000031
0.932056 0.042669
0.989547 0.005414
1.869338 0.005095
1.926829 0.000434
1.874564 0.005703
1.932056 0.000737
2.811847 0.000936
2.869338 0.000071
1.825784 0.001931
1.883275 0.000244
2.763066 0.000220
2.820557 0.000019
2.768293 0.000272
2.825784 0.000035
3.705575 0.000033
3.763066 0.000003
0.893728 0.268779
0.951220 0.170229
1.831010 0.034343
1.888502 0.009751
1.836237 0.029132
1.893728 0.018770
2.773519 0.005228
2.831010 0.001549
1.787456 0.004268
1.844948 0.002706
2.724739 0.000581
2.782230 0.000161
2.729965 0.004899
2.787456 0.003124
3.667247 0.000764
3.724739 0.000213
1.825784 0.074143
1.883275 0.046959
2.763066 0.009496
2.820557 0.002693
2.768293 0.009894
2.825784 0.006366
3.705575 0.001741
3.763066 0.000513
2.719512 0.003357
2.777003 0.002121
3.656794 0.000409
3.714286 0.000116
3.662021 0.000472
3.719512 0.000301
4.599303 0.000060
4.656794 0.000020
