0.000000 0.000003
0.001778 0.000006
0.118222 0.000010
0.120000 0.000021
0.020444 0.000010
0.022222 0.000011
0.138667 0.000031
0.140444 0.000037
0.471111 0.000000
0.472889 0.000003
0.589333 0.000001
0.591111 0.000007
0.491556 0.000001
0.493333 0.000010
0.609778 0.000004
0.611556 0.000030
0.474667 0.000001
0.476444 0.000002
0.592889 0.000004
0.594667 0.000005
0.495111 0.000003
0.496889 0.000007
0.613333 0.000008
0.615111 0.000018
0.267556 0.000009
0.269333 0.000010
0.385778 0.000028
0.387556 0.000031
0.288000 0.000017
0.289778 0.000047
0.406222 0.000056
0.408000 0.000127
0.738667 0.000002
0.740444 0.000010
0.856889 0.000005
0.858667 0.000031
0.759111 0.000009
0.760889 0.000024
0.877333 0.000097
0.742222 0.000002
0.744000 0.000010
0.860444 0.000006
0.862222 0.000027
0.762667 0.000005
0.764444 0.000040
0.880889 0.000014
0.882667 0.000115
0.251556 0.000010
0.253333 0.000019
0.369778 0.000029
0.371556 0.000062
0.272000 0.000030
0.273778 0.000034
0.390222 0.000093
0.392000 0.000110
0.722667 0.000001
0.724444 0.000008
0.840889 0.000004
0.842667 0.000022
0.743111 0.000004
0.744889 0.000031
0.861333 0.000011
0.863111 0.000090
0.726222 0.000004
0.728000 0.000005
0.844444 0.000012
0.846222 0.000014
0.746667 0.000007
0.748444 0.000021
0.864889 0.000025
0.866667 0.000056
0.519111 0.000046
0.520889 0.000055
0.637333 0.000146
0.639111 0.000163
0.539556 0.000088
0.541333 0.000257
0.657778 0.000293
0.659556 0.000691
0.138667 0.000010
0.140444 0.000012
0.256889 0.000031
0.258667 0.000042
0.159111 0.000025
0.160889 0.000031
0.277333 0.000081
0.279111 0.000092
0.609778 0.000001
0.611556 0.000010
0.728000 0.000003
0.729778 0.000029
0.630222 0.000006
0.632000 0.000031
0.748444 0.000016
0.750222 0.000093
0.613333 0.000003
0.615111 0.000006
0.731556 0.000009
0.733333 0.000017
0.633778 0.000005
0.635556 0.000030
0.752000 0.000017
0.753778 0.000084
0.406222 0.000019
0.408000 0.000042
0.524444 0.000062
0.526222 0.000115
0.426667 0.000034
0.428444 0.000209
0.544889 0.000111
0.546667 0.000575
0.877333 0.000032
0.879111 0.000105
0.897778 0.000123
0.899556 0.000203
0.880889 0.000018
0.882667 0.000153
0.901333 0.000084
0.903111 0.000498
0.390222 0.000031
0.392000 0.000037
0.508444 0.000094
0.510222 0.000122
0.410667 0.000075
0.412444 0.000095
0.528889 0.000241
0.530667 0.000276
0.861333 0.000015
0.863111 0.000120
0.881778 0.000071
0.883556 0.000366
0.864889 0.000033
0.866667 0.000075
0.885333 0.000060
0.887111 0.000371
0.657778 0.000098
0.659556 0.000230
0.776000 0.000324
0.777778 0.000622
0.678222 0.000178
0.680000 0.001132
0.796444 0.000580
0.798222 0.003119
0.014222 0.000008
0.016000 0.000026
0.132444 0.000022
0.134222 0.000084
0.034667 0.000031
0.036444 0.000051
0.152889 0.000090
0.154667 0.000171
0.485333 0.000002
0.487111 0.000005
0.603556 0.000006
0.605333 0.000015
0.505778 0.000003
0.507556 0.000026
0.624000 0.000011
0.625778 0.000072
0.488889 0.000005
0.490667 0.000005
0.607111 0.000014
0.608889 0.000018
0.509333 0.000011
0.511111 0.000014
0.627556 0.000035
0.629333 0.000041
0.281778 0.000031
0.283556 0.000035
0.400000 0.000094
0.401778 0.000117
0.302222 0.000073
0.304000 0.000097
0.420444 0.000235
0.422222 0.000278
0.752889 0.000004
0.754667 0.000030
0.871111 0.000011
0.872889 0.000088
0.773333 0.000019
0.775111 0.000090
0.891556 0.000201
0.756444 0.000008
0.758222 0.000020
0.874667 0.000027
0.876444 0.000053
0.776889 0.000015
0.778667 0.000096
0.895111 0.000190
0.265778 0.000024
0.267556 0.000078
0.384000 0.000067
0.385778 0.000249
0.286222 0.000093
0.288000 0.000151
0.404444 0.000271
0.406222 0.000504
0.736889 0.000005
0.738667 0.000017
0.855111 0.000018
0.856889 0.000045
0.757333 0.000010
0.759111 0.000078
0.875556 0.000033
0.877333 0.000219
0.740444 0.000014
0.742222 0.000016
0.858667 0.000042
0.860444 0.000052
0.760889 0.000033
0.762667 0.000043
0.879111 0.000105
0.880889 0.000124
0.533333 0.000164
0.535111 0.000186
0.651556 0.000499
0.653333 0.000614
0.553778 0.000385
0.555556 0.000525
0.672000 0.001240
0.673778 0.001494
0.152889 0.000030
0.154667 0.000057
0.271111 0.000086
0.272889 0.000189
0.173333 0.000092
0.175111 0.000103
0.291556 0.000280
0.293333 0.000338
0.624000 0.000004
0.625778 0.000024
0.742222 0.000012
0.744000 0.000066
0.644444 0.000012
0.646222 0.000092
0.762667 0.000032
0.764444 0.000269
0.627556 0.000012
0.629333 0.000014
0.745778 0.000037
0.747556 0.000041
0.648000 0.000023
0.649778 0.000061
0.766222 0.000076
0.768000 0.000165
0.420444 0.000078
0.422222 0.000093
0.538667 0.000249
0.540444 0.000275
0.440889 0.000151
0.442667 0.000425
0.559111 0.000505
0.560889 0.001143
0.891556 0.000067
0.893333 0.000370
0.912000 0.000312
0.913778 0.000880
0.895111 0.000063
0.896889 0.000352
0.915556 0.000172
0.917333 0.001433
0.404444 0.000090
0.406222 0.000168
0.522667 0.000261
0.524444 0.000556
0.424889 0.000274
0.426667 0.000304
0.543111 0.000839
0.544889 0.000995
0.875556 0.000043
0.877333 0.000291
0.896000 0.000141
0.897778 0.001109
0.879111 0.000140
0.880889 0.000165
0.899556 0.000270
0.901333 0.000752
0.672000 0.000413
0.673778 0.000498
0.790222 0.001317
0.792000 0.001465
0.692444 0.000792
0.694222 0.002310
0.810667 0.002642
0.812444 0.006215
0.043556 0.000007
0.045333 0.000029
0.161778 0.000019
0.163556 0.000090
0.064000 0.000029
0.065778 0.000062
0.182222 0.000083
0.184000 0.000202
0.514667 0.000002
0.516444 0.000005
0.632889 0.000007
0.634667 0.000012
0.535111 0.000004
0.536889 0.000022
0.653333 0.000013
0.655111 0.000062
0.518222 0.000005
0.520000 0.000006
0.636444 0.000014
0.638222 0.000022
0.538667 0.000012
0.540444 0.000014
0.656889 0.000039
0.658667 0.000042
0.311111 0.000031
0.312889 0.000042
0.429333 0.000093
0.431111 0.000142
0.331556 0.000082
0.333333 0.000092
0.449778 0.000259
0.451556 0.000279
0.782222 0.000003
0.784000 0.000028
0.900444 0.000041
0.802667 0.000061
0.804444 0.000375
0.785778 0.000010
0.787556 0.000016
0.904000 0.000031
0.905778 0.000045
0.806222 0.000068
0.808000 0.000328
0.295111 0.000021
0.296889 0.000086
0.413333 0.000057
0.415111 0.000269
0.315556 0.000088
0.317333 0.000182
0.433778 0.000252
0.435556 0.000598
0.766222 0.000006
0.768000 0.000014
0.884444 0.000021
0.886222 0.000037
0.786667 0.000011
0.788444 0.000068
0.904889 0.000151
0.769778 0.000014
0.771556 0.000019
0.888000 0.000041
0.889778 0.000063
0.790222 0.000037
0.792000 0.000041
0.908444 0.000461
0.562667 0.000167
0.564444 0.000222
0.680889 0.000499
0.682667 0.000742
0.583111 0.000434
0.584889 0.000489
0.701333 0.001371
0.703111 0.001479
0.182222 0.000028
0.184000 0.000067
0.300444 0.000078
0.302222 0.000219
0.202667 0.000094
0.204444 0.000122
0.320889 0.000281
0.322667 0.000407
0.653333 0.000004
0.655111 0.000021
0.771556 0.000014
0.773333 0.000056
0.673778 0.000010
0.675556 0.000087
0.792000 0.000031
0.793778 0.000249
0.656889 0.000013
0.658667 0.000014
0.775111 0.000040
0.776889 0.000044
0.677333 0.000027
0.679111 0.000051
0.795556 0.000090
0.797333 0.000139
0.449778 0.000086
0.451556 0.000093
0.568000 0.000269
0.569778 0.000292
0.470222 0.000182
0.472000 0.000351
0.588444 0.000598
0.590222 0.000956
0.920889 0.000055
0.922667 0.000376
0.941333 0.001094
0.924444 0.000076
0.926222 0.000297
0.944889 0.000163
0.946667 0.001325
0.433778 0.000084
0.435556 0.000199
0.552000 0.000238
0.553778 0.000649
0.454222 0.000282
0.456000 0.000359
0.572444 0.000845
0.574222 0.001198
0.904889 0.000050
0.906667 0.000250
0.925333 0.000125
0.927111 0.001051
0.908444 0.000154
0.910222 0.000165
0.928889 0.000324
0.930667 0.000621
0.701333 0.000457
0.703111 0.000493
0.819556 0.001427
0.821333 0.001541
0.721778 0.000953
0.723556 0.001906
0.840000 0.003140
0.841778 0.005183
0.057778 0.000014
0.059556 0.000094
0.176000 0.000037
0.177778 0.000280
0.078222 0.000068
0.080000 0.000249
0.196444 0.000185
0.198222 0.000783
0.528889 0.000009
0.530667 0.000010
0.647111 0.000028
0.648889 0.000031
0.549333 0.000018
0.551111 0.000045
0.667556 0.000058
0.669333 0.000122
0.532444 0.000013
0.534222 0.000029
0.650667 0.000036
0.652444 0.000095
0.552889 0.000042
0.554667 0.000052
0.671111 0.000125
0.672889 0.000174
0.325333 0.000086
0.327111 0.000192
0.443556 0.000244
0.445333 0.000628
0.345778 0.000281
0.347556 0.000344
0.464000 0.000846
0.465778 0.001147
0.796444 0.000048
0.798222 0.000260
0.816889 0.000128
0.818667 0.001068
0.800000 0.000038
0.801778 0.000041
0.918222 0.000473
0.820444 0.000312
0.822222 0.000648
0.309333 0.000042
0.311111 0.000282
0.427556 0.000112
0.429333 0.000841
0.329778 0.000206
0.331556 0.000740
0.448000 0.000565
0.449778 0.002332
0.780444 0.000027
0.782222 0.000031
0.898667 0.000336
0.800889 0.000207
0.802667 0.000553
0.784000 0.000038
0.785778 0.000086
0.902222 0.000108
0.904000 0.000280
0.804444 0.000125
0.806222 0.000154
0.922667 0.001505
0.576889 0.000460
0.578667 0.001008
0.695111 0.001312
0.696889 0.003302
0.597333 0.001495
0.599111 0.001804
0.715556 0.004514
0.717333 0.006000
0.196444 0.000062
0.198222 0.000261
0.314667 0.000168
0.316444 0.000812
0.216889 0.000261
0.218667 0.000555
0.335111 0.000747
0.336889 0.001823
0.667556 0.000019
0.669333 0.000041
0.785778 0.000064
0.787556 0.000110
0.688000 0.000035
0.689778 0.000202
0.806222 0.000115
0.808000 0.000553
0.671111 0.000042
0.672889 0.000058
0.789333 0.000124
0.791111 0.000194
0.691556 0.000111
0.693333 0.000122
0.809778 0.000349
0.811556 0.000375
0.464000 0.000282
0.465778 0.000382
0.582222 0.000841
0.584000 0.001279
0.484444 0.000740
0.486222 0.000824
0.602667 0.002333
0.604444 0.002509
0.935111 0.000123
0.936889 0.001024
0.955556 0.002208
0.938667 0.000343
0.940444 0.000586
0.959111 0.002460
0.448000 0.000188
0.449778 0.000777
0.566222 0.000513
0.568000 0.002424
0.468444 0.000790
0.470222 0.001637
0.586667 0.002263
0.588444 0.005384
0.919111 0.000229
0.920889 0.000496
0.939556 0.000413
0.941333 0.002461
0.922667 0.000502
0.924444 0.000682
0.943111 0.001318
0.944889 0.001465
0.715556 0.001505
0.717333 0.002000
0.833778 0.004492
0.835556 0.006688
0.736000 0.003907
0.737778 0.004401
0.854222 0.012343
0.856000 0.013313
0.040889 0.000008
0.042667 0.000011
0.159111 0.000025
0.160889 0.000031
0.061333 0.000014
0.063111 0.000055
0.179556 0.000048
0.181333 0.000148
0.512000 0.000002
0.513778 0.000010
0.630222 0.000006
0.632000 0.000031
0.532444 0.000009
0.534222 0.000022
0.650667 0.000027
0.652444 0.000071
0.515556 0.000002
0.517333 0.000011
0.633778 0.000005
0.635556 0.000030
0.536000 0.000005
0.537778 0.000041
0.654222 0.000015
0.656000 0.000121
0.308444 0.000011
0.310222 0.000075
0.426667 0.000034
0.428444 0.000209
0.328889 0.000037
0.330667 0.000279
0.447111 0.000101
0.448889 0.000821
0.779556 0.000010
0.781333 0.000015
0.897778 0.000031
0.899556 0.000051
0.800000 0.000028
0.801778 0.000031
0.918222 0.000354
0.783111 0.000008
0.784889 0.000041
0.901333 0.000021
0.903111 0.000125
0.803556 0.000036
0.805333 0.000095
0.921778 0.000100
0.923556 0.000306
0.292444 0.000023
0.294222 0.000034
0.410667 0.000075
0.412444 0.000095
0.312889 0.000042
0.314667 0.000168
0.431111 0.000142
0.432889 0.000453
0.763556 0.000007
0.765333 0.000030
0.881778 0.000018
0.883556 0.000091
0.784000 0.000028
0.785778 0.000064
0.902222 0.000081
0.904000 0.000210
0.767111 0.000005
0.768889 0.000033
0.885333 0.000015
0.887111 0.000093
0.787556 0.000016
0.789333 0.000124
0.905778 0.000045
0.907556 0.000365
0.560000 0.000056
0.561778 0.000406
0.678222 0.000178
0.680000 0.001132
0.580444 0.000200
0.582222 0.001494
0.698667 0.000548
0.700444 0.004401
0.179556 0.000016
0.181333 0.000049
0.297778 0.000054
0.299556 0.000133
0.200000 0.000031
0.201778 0.000232
0.318222 0.000099
0.320000 0.000648
0.650667 0.000009
0.652444 0.000024
0.768889 0.000025
0.770667 0.000076
0.671111 0.000031
0.672889 0.000043
0.789333 0.000093
0.791111 0.000145
0.654222 0.000005
0.656000 0.000040
0.772444 0.000014
0.774222 0.000117
0.674667 0.000024
0.676444 0.000121
0.792889 0.000066
0.794667 0.000372
0.447111 0.000034
0.448889 0.000274
0.565333 0.000095
0.567111 0.000796
0.467556 0.000168
0.469333 0.000813
0.585778 0.000453
0.587556 0.002499
0.918222 0.000118
0.920000 0.000127
0.938667 0.000257
0.940444 0.000440
0.921778 0.000133
0.923556 0.000408
0.942222 0.000497
0.944000 0.000777
0.431111 0.000047
0.432889 0.000151
0.549333 0.000158
0.551111 0.000406
0.451556 0.000093
0.453333 0.000705
0.569778 0.000292
0.571556 0.001970
0.902222 0.000108
0.904000 0.000280
0.922667 0.000376
0.924444 0.000512
0.905778 0.000060
0.907556 0.000486
0.926222 0.000297
0.928000 0.001446
0.698667 0.000183
0.700444 0.001467
0.816889 0.000512
0.818667 0.004271
0.719111 0.000911
0.720889 0.004310
0.837333 0.002461
0.839111 0.013282
0.055111 0.000030
0.056889 0.000032
0.173333 0.000092
0.175111 0.000103
0.075556 0.000065
0.077333 0.000109
0.193778 0.000213
0.195556 0.000300
0.526222 0.000004
0.528000 0.000031
0.644444 0.000012
0.646222 0.000092
0.546667 0.000021
0.548444 0.000086
0.664889 0.000058
0.666667 0.000268
0.529778 0.000007
0.531556 0.000023
0.648000 0.000023
0.649778 0.000061
0.550222 0.000014
0.552000 0.000106
0.668444 0.000043
0.670222 0.000296
0.322667 0.000045
0.324444 0.000158
0.440889 0.000151
0.442667 0.000425
0.343111 0.000092
0.344889 0.000722
0.461333 0.000286
0.463111 0.002030
0.793778 0.000028
0.795556 0.000068
0.912000 0.000078
0.913778 0.000220
0.814222 0.000376
0.816000 0.000490
0.797333 0.000015
0.799111 0.000123
0.915556 0.000043
0.917333 0.000358
0.817778 0.000077
0.819556 0.000357
0.936000 0.000837
0.306667 0.000088
0.308444 0.000095
0.424889 0.000274
0.426667 0.000304
0.327111 0.000192
0.328889 0.000331
0.445333 0.000628
0.447111 0.000911
0.777778 0.000013
0.779556 0.000094
0.896000 0.000035
0.897778 0.000277
0.798222 0.000065
0.800000 0.000255
0.916444 0.000710
0.781333 0.000020
0.783111 0.000070
0.899556 0.000068
0.901333 0.000188
0.801778 0.000041
0.803556 0.000320
0.920000 0.000127
0.921778 0.000900
0.574222 0.000237
0.576000 0.000857
0.692444 0.000792
0.694222 0.002310
0.594667 0.000489
0.596444 0.003895
0.712889 0.001510
0.714667 0.010963
0.193778 0.000071
0.195556 0.000100
0.312000 0.000229
0.313778 0.000283
0.214222 0.000130
0.216000 0.000494
0.332444 0.000435
0.334222 0.001332
0.664889 0.000019
0.666667 0.000089
0.783111 0.000052
0.784889 0.000275
0.685333 0.000085
0.687111 0.000196
0.803556 0.000240
0.805333 0.000640
0.668444 0.000014
0.670222 0.000099
0.786667 0.000046
0.788444 0.000274
0.688889 0.000048
0.690667 0.000371
0.807111 0.000133
0.808889 0.001088
0.461333 0.000095
0.463111 0.000677
0.579556 0.000305
0.581333 0.001880
0.481778 0.000331
0.483556 0.002515
0.600000 0.000910
0.601778 0.007390
0.932444 0.000375
0.934222 0.000546
0.952889 0.001019
0.954667 0.001105
0.936000 0.000279
0.937778 0.001470
0.956444 0.001281
0.958222 0.003416
0.445333 0.000209
0.447111 0.000304
0.563556 0.000678
0.565333 0.000855
0.465778 0.000382
0.467556 0.001509
0.584000 0.001279
0.585778 0.004073
0.916444 0.000237
0.918222 0.001063
0.936889 0.001024
0.938667 0.002315
0.920000 0.000170
0.921778 0.001200
0.940444 0.000586
0.942222 0.004469
0.712889 0.000503
0.714667 0.003654
0.831111 0.001602
0.832889 0.010175
0.733333 0.001795
0.735111 0.013446
0.851556 0.004924
0.853333 0.039595
0.084444 0.000031
0.086222 0.000037
0.202667 0.000094
0.204444 0.000122
0.104889 0.000075
0.106667 0.000095
0.223111 0.000241
0.224889 0.000276
0.555556 0.000004
0.557333 0.000030
0.673778 0.000010
0.675556 0.000087
0.576000 0.000018
0.577778 0.000091
0.694222 0.000048
0.696000 0.000280
0.559111 0.000008
0.560889 0.000019
0.677333 0.000027
0.679111 0.000051
0.579556 0.000015
0.581333 0.000093
0.697778 0.000049
0.699556 0.000255
0.352000 0.000055
0.353778 0.000130
0.470222 0.000182
0.472000 0.000351
0.372444 0.000100
0.374222 0.000638
0.490667 0.000326
0.492444 0.001758
0.823111 0.000025
0.824889 0.000078
0.941333 0.000273
0.843556 0.000371
0.845333 0.000595
0.826667 0.000014
0.828444 0.000116
0.944889 0.000163
0.847111 0.000256
0.848889 0.001491
0.336000 0.000093
0.337778 0.000108
0.454222 0.000282
0.456000 0.000359
0.356444 0.000223
0.358222 0.000288
0.474667 0.000715
0.476444 0.000831
0.807111 0.000011
0.808889 0.000091
0.925333 0.000031
0.927111 0.000263
0.827556 0.000218
0.829333 0.001091
0.810667 0.000024
0.812444 0.000058
0.928889 0.000081
0.930667 0.000155
0.831111 0.000045
0.832889 0.000283
0.949333 0.000581
0.603556 0.000287
0.605333 0.000707
0.721778 0.000953
0.723556 0.001906
0.624000 0.000526
0.625778 0.003449
0.742222 0.001708
0.744000 0.009525
0.223111 0.000080
0.224889 0.000092
0.341333 0.000254
0.343111 0.000276
0.243556 0.000158
0.245333 0.000407
0.361778 0.000524
0.363556 0.001097
0.694222 0.000016
0.696000 0.000093
0.812444 0.000043
0.814222 0.000282
0.714667 0.000076
0.716444 0.000226
0.832889 0.000212
0.834667 0.000724
0.697778 0.000016
0.699556 0.000085
0.816000 0.000054
0.817778 0.000232
0.718222 0.000042
0.720000 0.000353
0.836444 0.000123
0.838222 0.001015
0.490667 0.000109
0.492444 0.000586
0.608889 0.000359
0.610667 0.001600
0.511111 0.000288
0.512889 0.002404
0.629333 0.000831
0.631111 0.006922
0.961778 0.000363
0.963556 0.000661
0.982222 0.004365
0.965333 0.000230
0.967111 0.001504
0.985778 0.001130
0.987556 0.003866
0.474667 0.000238
0.476444 0.000277
0.592889 0.000756
0.594667 0.000826
0.495111 0.000464
0.496889 0.001246
0.613333 0.001545
0.615111 0.003355
0.945778 0.000196
0.947556 0.001115
0.966222 0.000925
0.968000 0.002680
0.949333 0.000194
0.951111 0.001038
0.969778 0.000511
0.971556 0.004269
0.742222 0.000569
0.744000 0.003175
0.860444 0.001881
0.862222 0.008684
0.762667 0.001553
0.764444 0.012902
0.880889 0.004452
0.882667 0.037223
0.098667 0.000090
0.100444 0.000168
0.216889 0.000261
0.218667 0.000555
0.119111 0.000274
0.120889 0.000304
0.237333 0.000838
0.239111 0.000993
0.569778 0.000011
0.571556 0.000073
0.688000 0.000035
0.689778 0.000202
0.590222 0.000035
0.592000 0.000277
0.708444 0.000098
0.710222 0.000812
0.573333 0.000035
0.575111 0.000041
0.691556 0.000111
0.693333 0.000122
0.593778 0.000067
0.595556 0.000189
0.712000 0.000225
0.713778 0.000507
0.366222 0.000232
0.368000 0.000280
0.484444 0.000740
0.486222 0.000824
0.386667 0.000444
0.388444 0.001303
0.504889 0.001482
0.506667 0.003504
0.837333 0.000205
0.839111 0.001107
0.857778 0.000949
0.859556 0.002600
0.840889 0.000047
0.842667 0.000269
0.959111 0.000615
0.861333 0.000524
0.863111 0.004327
0.350222 0.000272
0.352000 0.000494
0.468444 0.000790
0.470222 0.001637
0.370667 0.000817
0.372444 0.000899
0.488889 0.002508
0.490667 0.002930
0.821333 0.000032
0.823111 0.000222
0.939556 0.000413
0.841778 0.000432
0.843556 0.003341
0.824889 0.000103
0.826667 0.000124
0.943111 0.000330
0.944889 0.000366
0.845333 0.000198
0.847111 0.000577
0.963556 0.002645
0.617778 0.001223
0.619556 0.001506
0.736000 0.003907
0.737778 0.004401
0.638222 0.002324
0.640000 0.007085
0.756444 0.007760
0.758222 0.019059
0.237333 0.000279
0.239111 0.000331
0.355556 0.000846
0.357333 0.001098
0.257778 0.000677
0.259556 0.000856
0.376000 0.002169
0.377778 0.002483
0.708444 0.000033
0.710222 0.000271
0.826667 0.000093
0.828444 0.000782
0.728889 0.000161
0.730667 0.000822
0.847111 0.000433
0.848889 0.002517
0.712000 0.000075
0.713778 0.000169
0.830222 0.000248
0.832000 0.000457
0.732444 0.000135
0.734222 0.000835
0.850667 0.000443
0.852444 0.002296
0.504889 0.000494
0.506667 0.001168
0.623111 0.001639
0.624889 0.003153
0.525333 0.000900
0.527111 0.005734
0.643556 0.002933
0.645333 0.015804
0.976000 0.003547
0.977778 0.011172
0.979556 0.000498
0.981333 0.004171
1.000000 0.009219
0.488889 0.000836
0.490667 0.000977
0.607111 0.002536
0.608889 0.003234
0.509333 0.002005
0.511111 0.002593
0.627556 0.006435
0.629333 0.007476
0.960000 0.000398
0.961778 0.003264
0.980444 0.007853
0.963556 0.000882
0.965333 0.002069
0.984000 0.001604
0.985778 0.010166
0.756444 0.002587
0.758222 0.006353
0.874667 0.008588
0.876444 0.017130
0.776889 0.004739
0.778667 0.031016
0.895111 0.015389
0.896889 0.085644
