0.000000 0.000211
0.285560 0.000620
0.318966 0.000132
0.604526 0.000267
0.278017 0.005583
0.563578 0.000211
0.596983 0.001292
0.882543 0.000081
0.558190 0.000201
0.843750 0.000072
0.877155 0.000044
0.836207 0.005228
0.596983 0.000574
0.882543 0.000036
0.915948 0.000154
0.875000 0.007500
0.563578 0.001127
0.849138 0.002594
0.882543 0.000579
0.841595 0.063957
0.049569 0.002047
0.335129 0.002763
0.368534 0.001170
0.654095 0.001022
0.327586 0.007866
0.613147 0.001276
0.646552 0.001391
0.932112 0.000816
0.607759 0.000200
0.893319 0.000523
0.926724 0.000123
0.885776 0.011437
0.646552 0.000618
0.932112 0.000363
0.965517 0.000139
0.924569 0.019981
0.613147 0.006803
0.898707 0.013080
0.932112 0.005805
0.891164 0.105513
0.034483 0.000858
0.320043 0.002165
0.353448 0.000580
0.639009 0.000886
0.312500 0.013930
0.598060 0.000606
0.631466 0.002999
0.917026 0.000354
0.592672 0.000414
0.878233 0.000298
0.911638 0.000096
0.870690 0.014657
0.631466 0.001333
0.917026 0.000157
0.950431 0.000327
0.909483 0.022246
0.598060 0.003232
0.883621 0.009453
0.917026 0.002517
0.876078 0.166221
0.084052 0.008414
0.369612 0.008857
0.403017 0.004423
0.688578 0.003147
0.362069 0.017025
0.647629 0.005571
0.681034 0.002816
0.966595 0.003266
0.642241 0.000644
0.927802 0.001883
0.961207 0.000543
0.920259 0.029408
0.681034 0.001251
0.966595 0.001452
1.000000 0.000352
0.959052 0.055094
0.647629 0.029714
0.933190 0.043222
0.966595 0.023227
0.925647 0.242965
