0.000000 0.000000
0.059028 0.000012
0.940972 0.000000
1.000000 0.228636
0.902778 0.000000
0.961806 0.754470
1.843750 0.000000
1.902778 0.000024
0.894097 0.000000
0.953125 0.014501
1.835069 0.000000
1.894097 0.000138
1.796875 0.000000
1.855903 0.000054
2.737847 0.000000
2.796875 0.000026
0.920139 0.000000
0.979167 0.001148
1.861111 0.000000
1.920139 0.000066
1.822917 0.000000
1.881944 0.000060
2.763889 0.000000
2.822917 0.000048
1.814236 0.000000
1.873264 0.000544
2.755208 0.000000
2.814236 0.000060
2.717014 0.000000
2.776042 0.000171
3.657986 0.000000
3.717014 0.000042
