0.000000 0.000099
0.001923 0.000200
0.012500 0.000013
0.014423 0.000047
0.008654 0.000266
0.010577 0.000515
0.021154 0.000040
0.023077 0.000160
0.025962 0.000202
0.027885 0.000394
0.038462 0.000046
0.040385 0.000216
0.034615 0.000522
0.036538 0.001089
0.047115 0.000158
0.049038 0.000743
0.249038 0.000032
0.250962 0.000065
0.261538 0.000004
0.263462 0.000016
0.257692 0.000087
0.259615 0.000168
0.270192 0.000013
0.272115 0.000055
0.275000 0.000066
0.276923 0.000129
0.287500 0.000016
0.289423 0.000074
0.283654 0.000170
0.285577 0.000360
0.296154 0.000054
0.298077 0.000252
0.142308 0.000042
0.144231 0.000104
0.154808 0.000007
0.156731 0.000014
0.150962 0.000120
0.152885 0.000282
0.163462 0.000018
0.165385 0.000040
0.168269 0.000105
0.170192 0.000218
0.180769 0.000014
0.182692 0.000043
0.176923 0.000284
0.178846 0.000564
0.189423 0.000040
0.191346 0.000147
0.391346 0.000014
0.393269 0.000034
0.403846 0.000002
0.405769 0.000005
0.400000 0.000040
0.401923 0.000092
0.412500 0.000006
0.414423 0.000013
0.417308 0.000034
0.419231 0.000071
0.429808 0.000005
0.431731 0.000015
0.425962 0.000093
0.427885 0.000184
0.438462 0.000013
0.440385 0.000050
0.266346 0.000229
0.268269 0.000436
0.278846 0.000042
0.280769 0.000190
0.275000 0.000593
0.276923 0.001163
0.287500 0.000141
0.289423 0.000662
0.292308 0.000441
0.294231 0.001069
0.304808 0.000188
0.306731 0.000853
0.300962 0.001173
0.302885 0.003383
0.313462 0.000654
0.315385 0.002828
0.515385 0.000075
0.517308 0.000143
0.527885 0.000014
0.529808 0.000065
0.524038 0.000193
0.525962 0.000382
0.536538 0.000048
0.538462 0.000225
0.541346 0.000144
0.543269 0.000358
0.553846 0.000064
0.555769 0.000289
0.550000 0.000385
0.551923 0.001142
0.562500 0.000223
0.564423 0.000955
0.408654 0.000112
0.410577 0.000245
0.421154 0.000015
0.423077 0.000041
0.417308 0.000310
0.419231 0.000640
0.429808 0.000041
0.431731 0.000132
0.434615 0.000248
0.436538 0.000474
0.447115 0.000040
0.449038 0.000174
0.443269 0.000647
0.445192 0.001242
0.455769 0.000131
0.457692 0.000607
0.657692 0.000037
0.659615 0.000080
0.670192 0.000005
0.672115 0.000014
0.666346 0.000102
0.668269 0.000209
0.678846 0.000014
0.680769 0.000045
0.683654 0.000081
0.685577 0.000155
0.696154 0.000014
0.698077 0.000059
0.692308 0.000211
0.694231 0.000407
0.704808 0.000044
0.706731 0.000207
0.520192 0.000041
0.522115 0.000097
0.532692 0.000006
0.534615 0.000013
0.528846 0.000116
0.530769 0.000259
0.541346 0.000016
0.543269 0.000040
0.546154 0.000098
0.548077 0.000196
0.558654 0.000013
0.560577 0.000047
0.554808 0.000261
0.556731 0.000505
0.567308 0.000040
0.569231 0.000163
0.769231 0.000013
0.771154 0.000032
0.781731 0.000002
0.783654 0.000004
0.777885 0.000038
0.779808 0.000085
0.790385 0.000005
0.792308 0.000013
0.795192 0.000032
0.797115 0.000064
0.807692 0.000004
0.809615 0.000016
0.803846 0.000086
0.805769 0.000165
0.816346 0.000013
0.818269 0.000056
0.662500 0.000014
0.664423 0.000041
0.675000 0.000003
0.676923 0.000007
0.671154 0.000042
0.673077 0.000119
0.683654 0.000009
0.685577 0.000017
0.688462 0.000042
0.690385 0.000103
0.700962 0.000007
0.702885 0.000014
0.697115 0.000120
0.699038 0.000278
0.709615 0.000017
0.711538 0.000039
0.911538 0.000396
0.786538 0.000141
0.788462 0.000296
0.799038 0.000019
0.800962 0.000057
0.795192 0.000384
0.797115 0.000766
0.807692 0.000053
0.809615 0.000193
0.812500 0.000299
0.814423 0.000572
0.825000 0.000057
0.826923 0.000259
0.821154 0.000776
0.823077 0.001531
0.833654 0.000191
0.835577 0.000898
0.928846 0.000301
0.930769 0.000785
0.937500 0.003528
0.525000 0.000463
0.526923 0.001531
0.537500 0.000143
0.539423 0.000302
0.533654 0.001466
0.535577 0.004545
0.546154 0.000390
0.548077 0.000783
0.550962 0.001531
0.552885 0.004182
0.563462 0.000306
0.565385 0.000583
0.559615 0.004552
0.561538 0.011669
0.572115 0.000793
0.574038 0.001554
0.774038 0.000156
0.775962 0.000510
0.786538 0.000047
0.788462 0.000099
0.782692 0.000492
0.784615 0.001510
0.795192 0.000128
0.797115 0.000255
0.800000 0.000510
0.801923 0.001381
0.812500 0.000100
0.814423 0.000191
0.808654 0.001513
0.810577 0.003841
0.821154 0.000259
0.823077 0.000510
0.667308 0.000108
0.669231 0.000448
0.679808 0.000057
0.681731 0.000149
0.675962 0.000368
0.677885 0.001431
0.688462 0.000166
0.690385 0.000411
0.693269 0.000445
0.695192 0.001526
0.705769 0.000150
0.707692 0.000327
0.701923 0.001424
0.703846 0.004585
0.714423 0.000414
0.716346 0.000855
0.916346 0.000196
0.918269 0.000804
0.925000 0.002659
0.791346 0.002024
0.793269 0.005835
0.803846 0.000456
0.805769 0.000878
0.800000 0.006124
0.801923 0.016568
0.812500 0.001197
0.814423 0.002287
0.817308 0.005857
0.819231 0.013961
0.829808 0.000889
0.831731 0.001913
0.825962 0.016659
0.827885 0.037332
0.838462 0.002313
0.840385 0.005723
0.933654 0.000552
0.935577 0.002000
0.946154 0.000211
0.948077 0.000485
0.942308 0.002399
0.944231 0.008152
0.959615 0.042550
0.170192 0.000218
0.172115 0.000417
0.182692 0.000043
0.184615 0.000200
0.178846 0.000564
0.180769 0.001128
0.191346 0.000147
0.193269 0.000694
0.196154 0.000422
0.198077 0.001081
0.208654 0.000198
0.210577 0.000884
0.204808 0.001136
0.206731 0.003488
0.217308 0.000686
0.219231 0.002912
0.419231 0.000071
0.421154 0.000137
0.431731 0.000015
0.433654 0.000068
0.427885 0.000184
0.429808 0.000371
0.440385 0.000050
0.442308 0.000236
0.445192 0.000138
0.447115 0.000363
0.457692 0.000067
0.459615 0.000299
0.453846 0.000374
0.455769 0.001181
0.466346 0.000233
0.468269 0.000983
0.312500 0.000109
0.314423 0.000234
0.325000 0.000015
0.326923 0.000041
0.321154 0.000300
0.323077 0.000608
0.333654 0.000040
0.335577 0.000138
0.338462 0.000237
0.340385 0.000452
0.350962 0.000041
0.352885 0.000183
0.347115 0.000616
0.349038 0.001194
0.359615 0.000136
0.361538 0.000638
0.561538 0.000036
0.563462 0.000076
0.574038 0.000005
0.575962 0.000014
0.570192 0.000098
0.572115 0.000198
0.582692 0.000013
0.584615 0.000047
0.587500 0.000077
0.589423 0.000148
0.600000 0.000014
0.601923 0.000062
0.596154 0.000201
0.598077 0.000392
0.608654 0.000046
0.610577 0.000217
0.436538 0.000474
0.438462 0.001067
0.449038 0.000174
0.450962 0.000805
0.445192 0.001242
0.447115 0.003268
0.457692 0.000607
0.459615 0.002694
0.462500 0.001068
0.464423 0.004008
0.475000 0.000797
0.476923 0.003161
0.471154 0.003254
0.473077 0.013910
0.483654 0.002671
0.485577 0.009962
0.685577 0.000155
0.687500 0.000355
0.698077 0.000059
0.700000 0.000273
0.694231 0.000407
0.696154 0.001099
0.706731 0.000207
0.708654 0.000911
0.711538 0.000355
0.713462 0.001364
0.724038 0.000270
0.725962 0.001063
0.720192 0.001093
0.722115 0.004743
0.732692 0.000904
0.734615 0.003339
0.578846 0.000264
0.580769 0.000512
0.591346 0.000040
0.593269 0.000161
0.587500 0.000696
0.589423 0.001328
0.600000 0.000125
0.601923 0.000562
0.604808 0.000518
0.606731 0.001087
0.617308 0.000159
0.619231 0.000747
0.613462 0.001343
0.615385 0.003202
0.625962 0.000555
0.627885 0.002530
0.827885 0.000086
0.829808 0.000167
0.840385 0.000013
0.842308 0.000055
0.836538 0.000227
0.838462 0.000434
0.849038 0.000042
0.850962 0.000192
0.853846 0.000169
0.855769 0.000360
0.866346 0.000054
0.868269 0.000254
0.862500 0.000439
0.864423 0.001070
0.875000 0.000189
0.876923 0.000857
0.690385 0.000103
0.692308 0.000211
0.702885 0.000014
0.704808 0.000044
0.699038 0.000278
0.700962 0.000546
0.711538 0.000039
0.713462 0.000152
0.716346 0.000214
0.718269 0.000411
0.728846 0.000044
0.730769 0.000204
0.725000 0.000553
0.726923 0.001116
0.737500 0.000150
0.739423 0.000706
0.939423 0.000135
0.941346 0.000275
0.951923 0.000072
0.948077 0.000485
0.950000 0.000948
0.832692 0.000056
0.834615 0.000143
0.845192 0.000010
0.847115 0.000019
0.841346 0.000163
0.843269 0.000391
0.853846 0.000025
0.855769 0.000053
0.858654 0.000144
0.860577 0.000306
0.871154 0.000019
0.873077 0.000056
0.867308 0.000395
0.869231 0.000796
0.879808 0.000053
0.881731 0.000187
0.956731 0.000428
0.958654 0.000818
0.969231 0.000073
0.971154 0.000319
0.965385 0.001116
0.967308 0.002153
0.977885 0.000955
0.982692 0.001103
0.984615 0.002526
0.991346 0.011597
0.695192 0.001526
0.697115 0.004305
0.707692 0.000327
0.709615 0.000627
0.703846 0.004585
0.705769 0.012139
0.716346 0.000855
0.718269 0.001644
0.721154 0.004324
0.723077 0.010090
0.733654 0.000634
0.735577 0.001423
0.729808 0.012213
0.731731 0.026816
0.742308 0.001661
0.744231 0.004352
0.944231 0.000509
0.946154 0.001424
0.956731 0.000107
0.958654 0.000204
0.952885 0.001526
0.954808 0.004002
0.965385 0.001116
0.970192 0.007627
0.972115 0.017635
0.837500 0.000569
0.839423 0.002017
0.850000 0.000207
0.851923 0.000466
0.846154 0.001842
0.848077 0.006125
0.858654 0.000577
0.860577 0.001226
0.863462 0.002013
0.865385 0.005898
0.875962 0.000471
0.877885 0.000912
0.872115 0.006123
0.874038 0.016835
0.884615 0.001240
0.886538 0.002367
0.961538 0.007960
0.963462 0.019594
0.974038 0.001281
0.975962 0.002618
0.970192 0.022882
0.972115 0.052905
0.982692 0.003310
0.984615 0.007578
0.987500 0.019753
0.989423 0.040665
1.000000 0.010532
0.996154 0.071228
0.998077 0.140105
