0.000000 0.000047
0.057491 0.000128
0.937282 0.003074
0.994774 0.015438
0.942509 0.107398
1.000000 0.815637
1.879791 0.013049
1.937282 0.001532
0.893728 0.002615
0.951220 0.021914
1.831010 0.000918
1.888502 0.000504
1.836237 0.000296
1.893728 0.002205
2.773519 0.000058
2.831010 0.000168
0.932056 0.000005
0.989547 0.000047
1.869338 0.000004
1.926829 0.000006
1.874564 0.000034
1.932056 0.000265
2.811847 0.000006
2.869338 0.000000
1.825784 0.000089
1.883275 0.000722
2.763066 0.000034
2.820557 0.000062
2.768293 0.000192
2.825784 0.001463
3.705575 0.000027
3.763066 0.000001
0.893728 0.000003
0.951220 0.000000
1.831010 0.000140
1.888502 0.000058
1.836237 0.006245
1.893728 0.004371
2.773519 0.000844
2.831010 0.000008
1.787456 0.000151
1.844948 0.000117
2.724739 0.000050
2.782230 0.000002
2.729965 0.000018
2.787456 0.000012
3.667247 0.000004
3.724739 0.000001
1.825784 0.000000
1.883275 0.000000
2.763066 0.000000
2.820557 0.000000
2.768293 0.000002
2.825784 0.000001
3.705575 0.000000
3.763066 0.000000
2.719512 0.000005
2.777003 0.000004
3.656794 0.000002
3.714286 0.000000
3.662021 0.000011
3.719512 0.000008
4.599303 0.000002
4.656794 0.000000
