0.000000 0.000000
0.026749 0.000000
0.049383 0.000000
0.076132 0.000043
0.046296 0.000000
0.073045 0.000000
0.095679 0.000000
0.122428 0.000000
0.308642 0.000000
0.335391 0.000000
0.358025 0.000000
0.384774 0.000762
0.354938 0.000000
0.381687 0.000000
0.404321 0.000000
0.431070 0.396889
0.299383 0.000000
0.326132 0.000000
0.348765 0.000000
0.375514 0.000001
0.345679 0.000000
0.372428 0.000000
0.395062 0.000000
0.421811 0.000540
0.608025 0.000000
0.634774 0.000000
0.657407 0.000000
0.684156 0.000000
0.654321 0.000000
0.681070 0.000000
0.703704 0.000000
0.730453 0.000000
0.564815 0.000000
0.591564 0.000000
0.614198 0.000000
0.640947 0.000065
0.611111 0.000000
0.637860 0.000000
0.660494 0.000000
0.687243 0.000000
0.873457 0.000000
0.900206 0.000000
0.922840 0.000000
0.949588 0.001152
0.919753 0.000000
0.946502 0.000000
0.969136 0.000000
0.995885 0.599731
0.864198 0.000000
0.890947 0.000000
0.913580 0.000000
0.940329 0.000001
0.910494 0.000000
0.937243 0.000000
0.959877 0.000000
0.986626 0.000815
1.172840 0.000000
1.199588 0.000000
1.222222 0.000000
1.248971 0.000000
1.219136 0.000000
1.245885 0.000000
1.268519 0.000000
1.295267 0.000000
0.568930 0.000000
0.595679 0.000000
0.618313 0.000000
0.645062 0.000000
0.615226 0.000000
0.641975 0.000000
0.664609 0.000000
0.691358 0.000000
0.877572 0.000000
0.904321 0.000000
0.926955 0.000000
0.953704 0.000000
0.923868 0.000000
0.950617 0.000000
0.973251 0.000000
1.000000 0.000000
0.868313 0.000000
0.895062 0.000000
0.917695 0.000000
0.944444 0.000000
0.914609 0.000000
0.941358 0.000000
0.963992 0.000000
0.990741 0.000000
1.176955 0.000000
1.203704 0.000000
1.226337 0.000000
1.253086 0.000000
1.223251 0.000000
1.250000 0.000000
1.272634 0.000000
1.299383 0.000000
1.133745 0.000000
1.160494 0.000000
1.183128 0.000000
1.209877 0.000000
1.180041 0.000000
1.206790 0.000000
1.229424 0.000000
1.256173 0.000000
1.442387 0.000000
1.469136 0.000000
1.491770 0.000000
1.518519 0.000000
1.488683 0.000000
1.515432 0.000000
1.538066 0.000000
1.564815 0.000000
1.433128 0.000000
1.459877 0.000000
1.482510 0.000000
1.509259 0.000000
1.479424 0.000000
1.506173 0.000000
1.528807 0.000000
1.555556 0.000000
1.741770 0.000000
1.768519 0.000000
1.791152 0.000000
1.817901 0.000000
1.788066 0.000000
1.814815 0.000000
1.837449 0.000000
1.864198 0.000000
