0.000000 0.000003
0.000897 0.000001
0.001794 0.000010
0.002691 0.000002
0.009865 0.000001
0.010762 0.000000
0.011659 0.000002
0.012556 0.000000
0.026906 0.000001
0.027803 0.000000
0.028700 0.000003
0.029596 0.000001
0.036771 0.000000
0.037668 0.000000
0.038565 0.000001
0.039462 0.000000
0.028700 0.000010
0.029596 0.000002
0.030493 0.000031
0.031390 0.000008
0.038565 0.000002
0.039462 0.000000
0.040359 0.000008
0.041256 0.000002
0.055605 0.000003
0.056502 0.000001
0.057399 0.000008
0.058296 0.000002
0.065471 0.000001
0.066368 0.000000
0.067265 0.000002
0.068161 0.000001
0.138117 0.000008
0.139013 0.000002
0.139910 0.000038
0.140807 0.000011
0.147982 0.000002
0.148879 0.000001
0.149776 0.000011
0.150673 0.000003
0.165022 0.000002
0.165919 0.000000
0.166816 0.000009
0.167713 0.000003
0.174888 0.000000
0.175785 0.000000
0.176682 0.000003
0.177578 0.000001
0.166816 0.000037
0.167713 0.000011
0.168610 0.000209
0.169507 0.000057
0.176682 0.000011
0.177578 0.000003
0.178475 0.000056
0.179372 0.000014
0.193722 0.000009
0.194619 0.000003
0.195516 0.000052
0.196413 0.000014
0.203587 0.000003
0.204484 0.000001
0.205381 0.000014
0.206278 0.000004
0.462780 0.000001
0.463677 0.000000
0.464574 0.000003
0.465471 0.000001
0.472646 0.000000
0.473543 0.000000
0.474439 0.000001
0.475336 0.000000
0.489686 0.000000
0.490583 0.000000
0.491480 0.000001
0.492377 0.000000
0.499552 0.000000
0.500448 0.000000
0.501345 0.000000
0.502242 0.000000
0.491480 0.000003
0.492377 0.000001
0.493274 0.000014
0.494170 0.000003
0.501345 0.000001
0.502242 0.000000
0.503139 0.000003
0.504036 0.000001
0.518386 0.000001
0.519283 0.000000
0.520179 0.000004
0.521076 0.000001
0.528251 0.000000
0.529148 0.000000
0.530045 0.000001
0.530942 0.000000
0.600897 0.000004
0.601794 0.000001
0.602691 0.000013
0.603587 0.000003
0.610762 0.000001
0.611659 0.000000
0.612556 0.000003
0.613453 0.000001
0.627803 0.000001
0.628700 0.000000
0.629596 0.000003
0.630493 0.000001
0.637668 0.000000
0.638565 0.000000
0.639462 0.000001
0.640359 0.000000
0.629596 0.000013
0.630493 0.000003
0.631390 0.000037
0.632287 0.000008
0.639462 0.000003
0.640359 0.000001
0.641256 0.000008
0.642152 0.000002
0.656502 0.000003
0.657399 0.000001
0.658296 0.000009
0.659193 0.000002
0.666368 0.000001
0.667265 0.000000
0.668161 0.000002
0.669058 0.000000
0.493274 0.000001
0.494170 0.000000
0.495067 0.000004
0.495964 0.000001
0.503139 0.000000
0.504036 0.000000
0.504933 0.000001
0.505830 0.000000
0.520179 0.000000
0.521076 0.000000
0.521973 0.000001
0.522870 0.000000
0.530045 0.000000
0.530942 0.000000
0.531839 0.000000
0.532735 0.000000
0.521973 0.000004
0.522870 0.000001
0.523767 0.000011
0.524664 0.000002
0.531839 0.000001
0.532735 0.000000
0.533632 0.000002
0.534529 0.000001
0.548879 0.000001
0.549776 0.000000
0.550673 0.000003
0.551570 0.000001
0.558744 0.000000
0.559641 0.000000
0.560538 0.000001
0.561435 0.000000
0.631390 0.000003
0.632287 0.000001
0.633184 0.000010
0.634081 0.000003
0.641256 0.000001
0.642152 0.000000
0.643049 0.000003
0.643946 0.000001
0.658296 0.000001
0.659193 0.000000
0.660090 0.000002
0.660987 0.000001
0.668161 0.000000
0.669058 0.000000
0.669955 0.000001
0.670852 0.000000
0.660090 0.000010
0.660987 0.000003
0.661883 0.000054
0.662780 0.000016
0.669955 0.000003
0.670852 0.000001
0.671749 0.000016
0.672646 0.000004
0.686996 0.000002
0.687892 0.000001
0.688789 0.000013
0.689686 0.000004
0.696861 0.000001
0.697758 0.000000
0.698655 0.000004
0.699552 0.000001
0.469955 0.000001
0.470852 0.000000
0.471749 0.000003
0.472646 0.000001
0.479821 0.000000
0.480717 0.000000
0.481614 0.000001
0.482511 0.000000
0.496861 0.000000
0.497758 0.000000
0.498655 0.000001
0.499552 0.000000
0.506726 0.000000
0.507623 0.000000
0.508520 0.000000
0.509417 0.000000
0.498655 0.000003
0.499552 0.000001
0.500448 0.000018
0.501345 0.000005
0.508520 0.000001
0.509417 0.000000
0.510314 0.000005
0.511211 0.000001
0.525561 0.000001
0.526457 0.000000
0.527354 0.000004
0.528251 0.000001
0.535426 0.000000
0.536323 0.000000
0.537220 0.000001
0.538117 0.000000
0.608072 0.000004
0.608969 0.000001
0.609865 0.000022
0.610762 0.000005
0.617937 0.000001
0.618834 0.000000
0.619731 0.000005
0.620628 0.000001
0.634978 0.000001
0.635874 0.000000
0.636771 0.000005
0.637668 0.000001
0.644843 0.000000
0.645740 0.000000
0.646637 0.000001
0.647534 0.000000
0.636771 0.000022
0.637668 0.000006
0.638565 0.000081
0.639462 0.000017
0.646637 0.000006
0.647534 0.000001
0.648430 0.000017
0.649327 0.000004
0.663677 0.000005
0.664574 0.000001
0.665471 0.000020
0.666368 0.000004
0.673543 0.000001
0.674439 0.000000
0.675336 0.000004
0.676233 0.000001
0.256502 0.000001
0.257399 0.000000
0.258296 0.000003
0.259193 0.000001
0.266368 0.000000
0.267265 0.000000
0.268161 0.000001
0.269058 0.000000
0.283408 0.000000
0.284305 0.000000
0.285202 0.000001
0.286099 0.000000
0.293274 0.000000
0.294170 0.000000
0.295067 0.000000
0.295964 0.000000
0.285202 0.000003
0.286099 0.000001
0.286996 0.000014
0.287892 0.000003
0.295067 0.000001
0.295964 0.000000
0.296861 0.000003
0.297758 0.000001
0.312108 0.000001
0.313004 0.000000
0.313901 0.000004
0.314798 0.000001
0.321973 0.000000
0.322870 0.000000
0.323767 0.000001
0.324664 0.000000
0.394619 0.000004
0.395516 0.000001
0.396413 0.000012
0.397309 0.000002
0.404484 0.000001
0.405381 0.000000
0.406278 0.000002
0.407175 0.000001
0.421525 0.000001
0.422422 0.000000
0.423318 0.000003
0.424215 0.000001
0.431390 0.000000
0.432287 0.000000
0.433184 0.000001
0.434081 0.000000
0.423318 0.000012
0.424215 0.000003
0.425112 0.000034
0.426009 0.000008
0.433184 0.000003
0.434081 0.000001
0.434978 0.000008
0.435874 0.000002
0.450224 0.000003
0.451121 0.000001
0.452018 0.000008
0.452915 0.000002
0.460090 0.000001
0.460987 0.000000
0.461883 0.000002
0.462780 0.000001
0.719283 0.000000
0.720179 0.000000
0.721076 0.000001
0.721973 0.000000
0.729148 0.000000
0.730045 0.000000
0.730942 0.000000
0.731839 0.000000
0.746188 0.000000
0.747085 0.000000
0.747982 0.000000
0.748879 0.000000
0.756054 0.000000
0.756951 0.000000
0.757848 0.000000
0.758744 0.000000
0.747982 0.000001
0.748879 0.000000
0.749776 0.000002
0.750673 0.000001
0.757848 0.000000
0.758744 0.000000
0.759641 0.000001
0.760538 0.000000
0.774888 0.000000
0.775785 0.000000
0.776682 0.000000
0.777578 0.000000
0.784753 0.000000
0.785650 0.000000
0.786547 0.000000
0.787444 0.000000
0.857399 0.000000
0.858296 0.000000
0.859193 0.000002
0.860090 0.000001
0.867265 0.000000
0.869058 0.000001
0.884305 0.000000
0.886099 0.000001
0.886099 0.000004
0.886996 0.000001
0.887892 0.000026
0.749776 0.000000
0.750673 0.000000
0.751570 0.000001
0.752466 0.000000
0.759641 0.000000
0.760538 0.000000
0.761435 0.000000
0.762332 0.000000
0.776682 0.000000
0.777578 0.000000
0.778475 0.000000
0.779372 0.000000
0.786547 0.000000
0.787444 0.000000
0.788341 0.000000
0.789238 0.000000
0.778475 0.000001
0.779372 0.000000
0.780269 0.000004
0.781166 0.000001
0.788341 0.000000
0.789238 0.000000
0.790135 0.000001
0.791031 0.000000
0.805381 0.000000
0.806278 0.000000
0.807175 0.000001
0.808072 0.000000
0.815247 0.000000
0.816143 0.000000
0.817040 0.000000
0.817937 0.000000
0.887892 0.000002
0.888789 0.000000
0.889686 0.000008
0.916592 0.000042
0.726457 0.000000
0.727354 0.000000
0.728251 0.000001
0.729148 0.000000
0.736323 0.000000
0.737220 0.000000
0.738117 0.000000
0.739013 0.000000
0.753363 0.000000
0.754260 0.000000
0.755157 0.000000
0.756054 0.000000
0.763229 0.000000
0.764126 0.000000
0.765022 0.000000
0.765919 0.000000
0.755157 0.000001
0.756054 0.000000
0.756951 0.000004
0.757848 0.000001
0.765022 0.000000
0.765919 0.000000
0.766816 0.000001
0.767713 0.000000
0.782063 0.000000
0.782960 0.000000
0.783857 0.000001
0.784753 0.000000
0.791928 0.000000
0.792825 0.000000
0.793722 0.000000
0.794619 0.000000
0.864574 0.000001
0.865471 0.000000
0.866368 0.000003
0.867265 0.000001
0.874439 0.000000
0.875336 0.000000
0.876233 0.000001
0.891480 0.000000
0.892377 0.000000
0.893274 0.000001
0.893274 0.000003
0.894170 0.000001
0.895067 0.000015
0.895964 0.000005
0.903139 0.000005
0.920179 0.000006
0.130045 0.000008
0.130942 0.000002
0.131839 0.000046
0.132735 0.000013
0.139910 0.000002
0.140807 0.000001
0.141704 0.000013
0.142601 0.000004
0.156951 0.000002
0.157848 0.000001
0.158744 0.000011
0.159641 0.000003
0.166816 0.000001
0.167713 0.000000
0.168610 0.000003
0.169507 0.000001
0.158744 0.000045
0.159641 0.000013
0.160538 0.000226
0.161435 0.000056
0.168610 0.000013
0.169507 0.000004
0.170404 0.000056
0.171300 0.000013
0.185650 0.000011
0.186547 0.000003
0.187444 0.000056
0.188341 0.000014
0.195516 0.000003
0.196413 0.000001
0.197309 0.000014
0.198206 0.000003
0.268161 0.000056
0.269058 0.000014
0.269955 0.000210
0.270852 0.000045
0.278027 0.000014
0.278924 0.000003
0.279821 0.000045
0.280717 0.000009
0.295067 0.000014
0.295964 0.000004
0.296861 0.000053
0.297758 0.000011
0.304933 0.000004
0.305830 0.000001
0.306726 0.000011
0.307623 0.000002
0.296861 0.000211
0.297758 0.000046
0.298655 0.000604
0.299552 0.000129
0.306726 0.000046
0.307623 0.000009
0.308520 0.000129
0.309417 0.000031
0.323767 0.000053
0.324664 0.000012
0.325561 0.000153
0.326457 0.000032
0.333632 0.000012
0.334529 0.000002
0.335426 0.000033
0.336323 0.000008
0.592825 0.000004
0.593722 0.000001
0.594619 0.000011
0.595516 0.000002
0.602691 0.000001
0.603587 0.000000
0.604484 0.000002
0.605381 0.000000
0.619731 0.000001
0.620628 0.000000
0.621525 0.000003
0.622422 0.000001
0.629596 0.000000
0.630493 0.000000
0.631390 0.000001
0.632287 0.000000
0.621525 0.000011
0.622422 0.000002
0.623318 0.000032
0.624215 0.000008
0.631390 0.000002
0.632287 0.000000
0.633184 0.000008
0.634081 0.000002
0.648430 0.000003
0.649327 0.000001
0.650224 0.000008
0.651121 0.000002
0.658296 0.000001
0.659193 0.000000
0.660090 0.000002
0.660987 0.000001
0.730942 0.000008
0.731839 0.000002
0.732735 0.000034
0.733632 0.000010
0.740807 0.000002
0.741704 0.000001
0.742601 0.000010
0.743498 0.000003
0.757848 0.000002
0.758744 0.000000
0.759641 0.000009
0.760538 0.000003
0.767713 0.000000
0.768610 0.000000
0.769507 0.000003
0.770404 0.000001
0.759641 0.000034
0.760538 0.000010
0.761435 0.000196
0.762332 0.000055
0.769507 0.000010
0.770404 0.000003
0.771300 0.000055
0.772197 0.000014
0.786547 0.000008
0.787444 0.000003
0.788341 0.000048
0.789238 0.000014
0.796413 0.000003
0.797309 0.000001
0.798206 0.000014
0.799103 0.000004
0.623318 0.000002
0.624215 0.000001
0.625112 0.000011
0.626009 0.000003
0.633184 0.000001
0.634081 0.000000
0.634978 0.000003
0.635874 0.000001
0.650224 0.000001
0.651121 0.000000
0.652018 0.000003
0.652915 0.000001
0.660090 0.000000
0.660987 0.000000
0.661883 0.000001
0.662780 0.000000
0.652018 0.000011
0.652915 0.000003
0.653812 0.000064
0.654709 0.000017
0.661883 0.000003
0.662780 0.000001
0.663677 0.000017
0.664574 0.000004
0.678924 0.000003
0.679821 0.000001
0.680717 0.000016
0.681614 0.000004
0.688789 0.000001
0.689686 0.000000
0.690583 0.000004
0.691480 0.000001
0.761435 0.000015
0.762332 0.000004
0.763229 0.000071
0.764126 0.000017
0.771300 0.000004
0.772197 0.000001
0.773094 0.000017
0.773991 0.000004
0.788341 0.000004
0.789238 0.000001
0.790135 0.000018
0.791031 0.000004
0.798206 0.000001
0.799103 0.000000
0.800000 0.000004
0.800897 0.000001
0.790135 0.000071
0.791031 0.000017
0.791928 0.000238
0.792825 0.000049
0.800000 0.000017
0.800897 0.000004
0.801794 0.000050
0.802691 0.000010
0.817040 0.000018
0.817937 0.000004
0.818834 0.000060
0.819731 0.000013
0.826906 0.000004
0.827803 0.000001
0.828700 0.000016
0.600000 0.000005
0.600897 0.000001
0.601794 0.000022
0.602691 0.000005
0.609865 0.000001
0.610762 0.000000
0.611659 0.000005
0.612556 0.000001
0.626906 0.000001
0.627803 0.000000
0.628700 0.000006
0.629596 0.000001
0.636771 0.000000
0.637668 0.000000
0.638565 0.000001
0.639462 0.000000
0.628700 0.000022
0.629596 0.000005
0.630493 0.000069
0.631390 0.000014
0.638565 0.000005
0.639462 0.000001
0.640359 0.000014
0.641256 0.000003
0.655605 0.000006
0.656502 0.000001
0.657399 0.000018
0.658296 0.000004
0.665471 0.000001
0.666368 0.000000
0.667265 0.000004
0.668161 0.000001
0.738117 0.000018
0.739013 0.000004
0.739910 0.000051
0.740807 0.000012
0.747982 0.000004
0.748879 0.000001
0.749776 0.000012
0.750673 0.000003
0.765022 0.000005
0.765919 0.000001
0.766816 0.000013
0.767713 0.000003
0.774888 0.000001
0.775785 0.000000
0.776682 0.000003
0.777578 0.000001
0.766816 0.000051
0.767713 0.000012
0.768610 0.000212
0.769507 0.000064
0.776682 0.000012
0.777578 0.000003
0.778475 0.000063
0.779372 0.000019
0.793722 0.000013
0.794619 0.000003
0.795516 0.000053
0.796413 0.000016
0.803587 0.000003
0.804484 0.000001
0.805381 0.000016
0.806278 0.000005
0.386547 0.000003
0.387444 0.000001
0.388341 0.000010
0.389238 0.000002
0.396413 0.000001
0.397309 0.000000
0.398206 0.000002
0.399103 0.000000
0.413453 0.000001
0.414350 0.000000
0.415247 0.000002
0.416143 0.000001
0.423318 0.000000
0.424215 0.000000
0.425112 0.000001
0.426009 0.000000
0.415247 0.000010
0.416143 0.000002
0.417040 0.000031
0.417937 0.000008
0.425112 0.000002
0.426009 0.000000
0.426906 0.000008
0.427803 0.000002
0.442152 0.000003
0.443049 0.000001
0.443946 0.000008
0.444843 0.000002
0.452018 0.000001
0.452915 0.000000
0.453812 0.000002
0.454709 0.000001
0.524664 0.000008
0.525561 0.000002
0.526457 0.000038
0.527354 0.000011
0.534529 0.000002
0.535426 0.000001
0.536323 0.000011
0.537220 0.000003
0.551570 0.000002
0.552466 0.000001
0.553363 0.000009
0.554260 0.000003
0.561435 0.000000
0.562332 0.000000
0.563229 0.000003
0.564126 0.000001
0.553363 0.000037
0.554260 0.000011
0.555157 0.000210
0.556054 0.000057
0.563229 0.000011
0.564126 0.000003
0.565022 0.000057
0.565919 0.000014
0.580269 0.000009
0.581166 0.000003
0.582063 0.000052
0.582960 0.000014
0.590135 0.000003
0.591031 0.000001
0.591928 0.000014
0.592825 0.000004
0.849327 0.000003
0.850224 0.000001
0.851121 0.000015
0.852018 0.000004
0.859193 0.000001
0.860090 0.000000
0.860987 0.000004
0.861883 0.000001
0.876233 0.000001
0.877130 0.000000
0.878027 0.000004
0.878924 0.000001
0.886099 0.000001
0.878027 0.000015
0.878924 0.000004
0.879821 0.000071
0.880717 0.000017
0.887892 0.000005
0.889686 0.000022
0.904933 0.000006
0.906726 0.000028
0.879821 0.000006
0.880717 0.000001
0.881614 0.000019
0.882511 0.000004
0.889686 0.000002
0.891480 0.000005
0.906726 0.000002
0.908520 0.000008
0.908520 0.000030
0.909417 0.000006
0.910314 0.000106
0.856502 0.000004
0.857399 0.000001
0.858296 0.000016
0.859193 0.000005
0.866368 0.000001
0.867265 0.000000
0.868161 0.000005
0.869058 0.000001
0.883408 0.000001
0.884305 0.000000
0.885202 0.000004
0.886099 0.000001
0.893274 0.000001
0.885202 0.000016
0.886099 0.000005
0.886996 0.000091
0.887892 0.000026
0.895067 0.000006
0.896861 0.000033
0.912108 0.000005
0.913004 0.000001
0.913901 0.000035
0.261883 0.000011
0.262780 0.000002
0.263677 0.000032
0.264574 0.000008
0.271749 0.000002
0.272646 0.000000
0.273543 0.000008
0.274439 0.000002
0.288789 0.000003
0.289686 0.000001
0.290583 0.000008
0.291480 0.000002
0.298655 0.000001
0.299552 0.000000
0.300448 0.000002
0.301345 0.000001
0.290583 0.000032
0.291480 0.000008
0.292377 0.000140
0.293274 0.000042
0.300448 0.000008
0.301345 0.000002
0.302242 0.000042
0.303139 0.000013
0.317489 0.000008
0.318386 0.000002
0.319283 0.000035
0.320179 0.000010
0.327354 0.000002
0.328251 0.000001
0.329148 0.000010
0.330045 0.000003
0.400000 0.000034
0.400897 0.000010
0.401794 0.000193
0.402691 0.000055
0.409865 0.000010
0.410762 0.000003
0.411659 0.000054
0.412556 0.000014
0.426906 0.000008
0.427803 0.000002
0.428700 0.000048
0.429596 0.000014
0.436771 0.000002
0.437668 0.000001
0.438565 0.000014
0.439462 0.000004
0.428700 0.000191
0.429596 0.000054
0.430493 0.000911
0.431390 0.000219
0.438565 0.000054
0.439462 0.000014
0.440359 0.000219
0.441256 0.000048
0.455605 0.000047
0.456502 0.000013
0.457399 0.000228
0.458296 0.000055
0.465471 0.000013
0.466368 0.000004
0.467265 0.000055
0.468161 0.000012
0.724664 0.000003
0.725561 0.000001
0.726457 0.000014
0.727354 0.000004
0.734529 0.000001
0.735426 0.000000
0.736323 0.000004
0.737220 0.000001
0.751570 0.000001
0.752466 0.000000
0.753363 0.000003
0.754260 0.000001
0.761435 0.000000
0.762332 0.000000
0.763229 0.000001
0.764126 0.000000
0.753363 0.000014
0.754260 0.000004
0.755157 0.000054
0.756054 0.000012
0.763229 0.000004
0.764126 0.000001
0.765022 0.000012
0.765919 0.000002
0.780269 0.000003
0.781166 0.000001
0.782063 0.000014
0.782960 0.000003
0.790135 0.000001
0.791031 0.000000
0.791928 0.000003
0.792825 0.000001
0.862780 0.000014
0.863677 0.000003
0.864574 0.000041
0.865471 0.000009
0.872646 0.000004
0.874439 0.000011
0.889686 0.000005
0.891480 0.000016
0.891480 0.000065
0.892377 0.000013
0.893274 0.000243
0.755157 0.000004
0.756054 0.000001
0.756951 0.000012
0.757848 0.000003
0.765022 0.000001
0.765919 0.000000
0.766816 0.000003
0.767713 0.000001
0.782063 0.000001
0.782960 0.000000
0.783857 0.000003
0.784753 0.000001
0.791928 0.000000
0.792825 0.000000
0.793722 0.000001
0.794619 0.000000
0.783857 0.000012
0.784753 0.000003
0.785650 0.000039
0.786547 0.000011
0.793722 0.000003
0.794619 0.000001
0.795516 0.000011
0.796413 0.000003
0.810762 0.000003
0.811659 0.000001
0.812556 0.000010
0.813453 0.000003
0.820628 0.000001
0.821525 0.000000
0.822422 0.000003
0.823318 0.000001
0.893274 0.000015
0.894170 0.000004
0.895067 0.000075
0.895964 0.000023
0.921973 0.000462
0.731839 0.000003
0.732735 0.000001
0.733632 0.000016
0.734529 0.000005
0.741704 0.000001
0.742601 0.000000
0.743498 0.000005
0.744395 0.000001
0.758744 0.000001
0.759641 0.000000
0.760538 0.000004
0.761435 0.000001
0.768610 0.000000
0.769507 0.000000
0.770404 0.000001
0.771300 0.000000
0.760538 0.000016
0.761435 0.000005
0.762332 0.000086
0.763229 0.000022
0.770404 0.000005
0.771300 0.000001
0.772197 0.000022
0.773094 0.000005
0.787444 0.000004
0.788341 0.000001
0.789238 0.000021
0.790135 0.000006
0.797309 0.000001
0.798206 0.000000
0.799103 0.000006
0.800000 0.000001
0.869955 0.000021
0.870852 0.000006
0.871749 0.000086
0.872646 0.000019
0.879821 0.000006
0.880717 0.000001
0.881614 0.000024
0.896861 0.000007
0.897758 0.000002
0.898655 0.000034
0.898655 0.000087
0.899552 0.000019
0.900448 0.000261
0.901345 0.000054
0.908520 0.000122
0.925561 0.000170
0.518386 0.000006
0.519283 0.000002
0.520179 0.000028
0.521076 0.000007
0.528251 0.000002
0.529148 0.000000
0.530045 0.000007
0.530942 0.000002
0.545291 0.000001
0.546188 0.000000
0.547085 0.000007
0.547982 0.000002
0.555157 0.000000
0.556054 0.000000
0.556951 0.000002
0.557848 0.000000
0.547085 0.000028
0.547982 0.000007
0.548879 0.000099
0.549776 0.000021
0.556951 0.000007
0.557848 0.000002
0.558744 0.000021
0.559641 0.000004
0.573991 0.000007
0.574888 0.000002
0.575785 0.000025
0.576682 0.000005
0.583857 0.000002
0.584753 0.000000
0.585650 0.000005
0.586547 0.000001
0.656502 0.000026
0.657399 0.000005
0.658296 0.000072
0.659193 0.000016
0.666368 0.000005
0.667265 0.000001
0.668161 0.000016
0.669058 0.000004
0.683408 0.000006
0.684305 0.000001
0.685202 0.000018
0.686099 0.000004
0.693274 0.000001
0.694170 0.000000
0.695067 0.000004
0.695964 0.000001
0.685202 0.000073
0.686099 0.000016
0.686996 0.000244
0.687892 0.000069
0.695067 0.000016
0.695964 0.000004
0.696861 0.000068
0.697758 0.000021
0.712108 0.000019
0.713004 0.000004
0.713901 0.000061
0.714798 0.000017
0.721973 0.000004
0.722870 0.000001
0.723767 0.000017
0.724664 0.000005
0.391928 0.000040
0.392825 0.000012
0.393722 0.000219
0.394619 0.000057
0.401794 0.000012
0.402691 0.000003
0.403587 0.000057
0.404484 0.000014
0.418834 0.000010
0.419731 0.000003
0.420628 0.000054
0.421525 0.000014
0.428700 0.000003
0.429596 0.000001
0.430493 0.000014
0.431390 0.000003
0.420628 0.000217
0.421525 0.000057
0.422422 0.000873
0.423318 0.000192
0.430493 0.000057
0.431390 0.000014
0.432287 0.000193
0.433184 0.000040
0.447534 0.000054
0.448430 0.000014
0.449327 0.000219
0.450224 0.000049
0.457399 0.000014
0.458296 0.000003
0.459193 0.000049
0.460090 0.000010
0.530045 0.000223
0.530942 0.000050
0.531839 0.000676
0.532735 0.000140
0.539910 0.000050
0.540807 0.000011
0.541704 0.000141
0.542601 0.000031
0.556951 0.000056
0.557848 0.000013
0.558744 0.000171
0.559641 0.000035
0.566816 0.000013
0.567713 0.000003
0.568610 0.000036
0.569507 0.000008
0.558744 0.000685
0.559641 0.000142
0.560538 0.002003
0.561435 0.000511
0.568610 0.000142
0.569507 0.000031
0.570404 0.000510
0.571300 0.000148
0.585650 0.000173
0.586547 0.000036
0.587444 0.000503
0.588341 0.000127
0.595516 0.000036
0.596413 0.000008
0.597309 0.000127
0.598206 0.000037
0.854709 0.000061
0.855605 0.000013
0.856502 0.000170
0.857399 0.000039
0.864574 0.000013
0.865471 0.000003
0.866368 0.000039
0.867265 0.000010
0.881614 0.000015
0.882511 0.000003
0.883408 0.000043
0.884305 0.000010
0.891480 0.000020
0.883408 0.000172
0.884305 0.000039
0.885202 0.000652
0.886099 0.000193
0.893274 0.000049
0.895067 0.000240
0.910314 0.000068
0.912108 0.000253
0.885202 0.000051
0.886099 0.000015
0.886996 0.000290
0.887892 0.000084
0.895067 0.000019
0.896861 0.000104
0.912108 0.000020
0.913901 0.000112
0.913901 0.000448
0.914798 0.000130
0.915695 0.002770
0.861883 0.000111
0.862780 0.000027
0.863677 0.000382
0.864574 0.000080
0.871749 0.000027
0.872646 0.000006
0.873543 0.000080
0.874439 0.000017
0.888789 0.000028
0.889686 0.000007
0.890583 0.000097
0.891480 0.000020
0.898655 0.000008
0.900448 0.000025
0.890583 0.000386
0.891480 0.000081
0.892377 0.001078
0.893274 0.000243
0.900448 0.000081
0.901345 0.000017
0.902242 0.000304
0.917489 0.000122
0.918386 0.000026
0.919283 0.000426
0.648430 0.000022
0.649327 0.000005
0.650224 0.000062
0.651121 0.000015
0.658296 0.000005
0.659193 0.000001
0.660090 0.000015
0.660987 0.000004
0.675336 0.000006
0.676233 0.000001
0.677130 0.000016
0.678027 0.000004
0.685202 0.000001
0.686099 0.000000
0.686996 0.000004
0.687892 0.000001
0.677130 0.000063
0.678027 0.000015
0.678924 0.000275
0.679821 0.000083
0.686996 0.000015
0.687892 0.000004
0.688789 0.000083
0.689686 0.000025
0.704036 0.000016
0.704933 0.000004
0.705830 0.000068
0.706726 0.000021
0.713901 0.000004
0.714798 0.000001
0.715695 0.000020
0.716592 0.000006
0.786547 0.000066
0.787444 0.000020
0.788341 0.000378
0.789238 0.000107
0.796413 0.000020
0.797309 0.000006
0.798206 0.000107
0.799103 0.000028
0.813453 0.000016
0.814350 0.000005
0.815247 0.000094
0.816143 0.000027
0.823318 0.000005
0.824215 0.000001
0.825112 0.000026
0.826009 0.000007
0.815247 0.000374
0.816143 0.000106
0.817040 0.001778
0.817937 0.000426
0.825112 0.000106
0.826009 0.000028
0.826906 0.000427
0.827803 0.000094
0.842152 0.000092
0.843049 0.000026
0.843946 0.000444
0.844843 0.000107
0.852018 0.000026
0.852915 0.000007
0.853812 0.000107
0.854709 0.000024
0.269955 0.000013
0.270852 0.000003
0.271749 0.000037
0.272646 0.000008
0.279821 0.000003
0.280717 0.000001
0.281614 0.000008
0.282511 0.000002
0.296861 0.000003
0.297758 0.000001
0.298655 0.000009
0.299552 0.000002
0.306726 0.000001
0.307623 0.000000
0.308520 0.000002
0.309417 0.000000
0.298655 0.000038
0.299552 0.000008
0.300448 0.000125
0.301345 0.000035
0.308520 0.000008
0.309417 0.000002
0.310314 0.000035
0.311211 0.000010
0.325561 0.000010
0.326457 0.000002
0.327354 0.000031
0.328251 0.000009
0.335426 0.000002
0.336323 0.000000
0.337220 0.000009
0.338117 0.000003
0.408072 0.000031
0.408969 0.000008
0.409865 0.000160
0.410762 0.000048
0.417937 0.000008
0.418834 0.000002
0.419731 0.000048
0.420628 0.000014
0.434978 0.000008
0.435874 0.000002
0.436771 0.000039
0.437668 0.000012
0.444843 0.000002
0.445740 0.000001
0.446637 0.000012
0.447534 0.000003
0.436771 0.000158
0.437668 0.000047
0.438565 0.000866
0.439462 0.000228
0.446637 0.000047
0.447534 0.000014
0.448430 0.000228
0.449327 0.000055
0.463677 0.000039
0.464574 0.000012
0.465471 0.000215
0.466368 0.000057
0.473543 0.000012
0.474439 0.000003
0.475336 0.000057
0.476233 0.000014
0.732735 0.000002
0.733632 0.000001
0.734529 0.000012
0.735426 0.000003
0.742601 0.000001
0.743498 0.000000
0.744395 0.000003
0.745291 0.000001
0.759641 0.000001
0.760538 0.000000
0.761435 0.000003
0.762332 0.000001
0.769507 0.000000
0.770404 0.000000
0.771300 0.000001
0.772197 0.000000
0.761435 0.000012
0.762332 0.000003
0.763229 0.000057
0.764126 0.000013
0.771300 0.000003
0.772197 0.000001
0.773094 0.000013
0.773991 0.000003
0.788341 0.000003
0.789238 0.000001
0.790135 0.000014
0.791031 0.000003
0.798206 0.000001
0.799103 0.000000
0.800000 0.000003
0.800897 0.000001
0.870852 0.000014
0.871749 0.000003
0.872646 0.000049
0.873543 0.000010
0.880717 0.000004
0.882511 0.000013
0.897758 0.000006
0.899552 0.000019
0.899552 0.000078
0.900448 0.000016
0.901345 0.000270
0.763229 0.000004
0.764126 0.000001
0.765022 0.000015
0.765919 0.000003
0.773094 0.000001
0.773991 0.000000
0.774888 0.000003
0.775785 0.000001
0.790135 0.000001
0.791031 0.000000
0.791928 0.000004
0.792825 0.000001
0.800000 0.000000
0.800897 0.000000
0.801794 0.000001
0.802691 0.000000
0.791928 0.000015
0.792825 0.000003
0.793722 0.000042
0.794619 0.000010
0.801794 0.000003
0.802691 0.000001
0.803587 0.000010
0.804484 0.000003
0.818834 0.000004
0.819731 0.000001
0.820628 0.000010
0.821525 0.000002
0.828700 0.000001
0.829596 0.000000
0.830493 0.000002
0.831390 0.000001
0.901345 0.000017
0.902242 0.000004
0.903139 0.000079
0.930045 0.000393
0.739910 0.000003
0.740807 0.000001
0.741704 0.000013
0.742601 0.000004
0.749776 0.000001
0.750673 0.000000
0.751570 0.000004
0.752466 0.000001
0.766816 0.000001
0.767713 0.000000
0.768610 0.000003
0.769507 0.000001
0.776682 0.000000
0.777578 0.000000
0.778475 0.000001
0.779372 0.000000
0.768610 0.000013
0.769507 0.000004
0.770404 0.000076
0.771300 0.000021
0.778475 0.000004
0.779372 0.000001
0.780269 0.000021
0.781166 0.000006
0.795516 0.000003
0.796413 0.000001
0.797309 0.000019
0.798206 0.000005
0.805381 0.000001
0.806278 0.000000
0.807175 0.000005
0.808072 0.000001
0.878027 0.000018
0.878924 0.000005
0.879821 0.000089
0.880717 0.000022
0.887892 0.000005
0.888789 0.000001
0.889686 0.000027
0.904933 0.000006
0.905830 0.000002
0.906726 0.000035
0.906726 0.000089
0.907623 0.000022
0.908520 0.000311
0.909417 0.000065
0.916592 0.000136
0.933632 0.000173
0.526457 0.000005
0.527354 0.000001
0.528251 0.000026
0.529148 0.000007
0.536323 0.000001
0.537220 0.000000
0.538117 0.000007
0.539013 0.000002
0.553363 0.000001
0.554260 0.000000
0.555157 0.000006
0.556054 0.000002
0.563229 0.000000
0.564126 0.000000
0.565022 0.000002
0.565919 0.000000
0.555157 0.000026
0.556054 0.000007
0.556951 0.000109
0.557848 0.000025
0.565022 0.000007
0.565919 0.000002
0.566816 0.000025
0.567713 0.000005
0.582063 0.000006
0.582960 0.000002
0.583857 0.000027
0.584753 0.000006
0.591928 0.000002
0.592825 0.000000
0.593722 0.000006
0.594619 0.000001
0.664574 0.000028
0.665471 0.000006
0.666368 0.000088
0.667265 0.000018
0.674439 0.000006
0.675336 0.000001
0.676233 0.000018
0.677130 0.000004
0.691480 0.000007
0.692377 0.000002
0.693274 0.000022
0.694170 0.000005
0.701345 0.000002
0.702242 0.000000
0.703139 0.000005
0.704036 0.000001
0.693274 0.000089
0.694170 0.000018
0.695067 0.000252
0.695964 0.000061
0.703139 0.000018
0.704036 0.000004
0.704933 0.000061
0.705830 0.000017
0.720179 0.000023
0.721076 0.000005
0.721973 0.000063
0.722870 0.000015
0.730045 0.000005
0.730942 0.000001
0.731839 0.000015
0.732735 0.000004
0.400000 0.000034
0.400897 0.000010
0.401794 0.000193
0.402691 0.000055
0.409865 0.000010
0.410762 0.000003
0.411659 0.000054
0.412556 0.000014
0.426906 0.000008
0.427803 0.000002
0.428700 0.000048
0.429596 0.000014
0.436771 0.000002
0.437668 0.000001
0.438565 0.000014
0.439462 0.000004
0.428700 0.000191
0.429596 0.000054
0.430493 0.000911
0.431390 0.000219
0.438565 0.000054
0.439462 0.000014
0.440359 0.000219
0.441256 0.000048
0.455605 0.000047
0.456502 0.000013
0.457399 0.000228
0.458296 0.000055
0.465471 0.000013
0.466368 0.000004
0.467265 0.000055
0.468161 0.000012
0.538117 0.000227
0.539013 0.000056
0.539910 0.000805
0.540807 0.000170
0.547982 0.000056
0.548879 0.000013
0.549776 0.000171
0.550673 0.000035
0.565022 0.000057
0.565919 0.000014
0.566816 0.000203
0.567713 0.000043
0.574888 0.000014
0.575785 0.000003
0.576682 0.000043
0.577578 0.000009
0.566816 0.000812
0.567713 0.000172
0.568610 0.002277
0.569507 0.000501
0.576682 0.000173
0.577578 0.000036
0.578475 0.000502
0.579372 0.000127
0.593722 0.000205
0.594619 0.000044
0.595516 0.000576
0.596413 0.000126
0.603587 0.000044
0.604484 0.000009
0.605381 0.000126
0.606278 0.000032
0.862780 0.000069
0.863677 0.000015
0.864574 0.000205
0.865471 0.000043
0.872646 0.000015
0.873543 0.000003
0.874439 0.000043
0.875336 0.000010
0.889686 0.000017
0.890583 0.000004
0.891480 0.000052
0.892377 0.000011
0.899552 0.000024
0.891480 0.000207
0.892377 0.000043
0.893274 0.000621
0.894170 0.000163
0.901345 0.000054
0.903139 0.000203
0.918386 0.000082
0.920179 0.000243
0.893274 0.000049
0.894170 0.000013
0.895067 0.000240
0.895964 0.000072
0.903139 0.000016
0.904933 0.000090
0.920179 0.000019
0.921973 0.000092
0.921973 0.000370
0.922870 0.000112
0.923767 0.002584
0.869955 0.000105
0.870852 0.000028
0.871749 0.000431
0.872646 0.000096
0.879821 0.000028
0.880717 0.000007
0.881614 0.000096
0.882511 0.000020
0.896861 0.000026
0.897758 0.000007
0.898655 0.000108
0.899552 0.000024
0.906726 0.000009
0.908520 0.000030
0.898655 0.000433
0.899552 0.000097
0.900448 0.001303
0.901345 0.000270
0.908520 0.000097
0.909417 0.000020
0.910314 0.000339
0.925561 0.000136
0.926457 0.000031
0.927354 0.000515
0.656502 0.000026
0.657399 0.000005
0.658296 0.000072
0.659193 0.000016
0.666368 0.000005
0.667265 0.000001
0.668161 0.000016
0.669058 0.000004
0.683408 0.000006
0.684305 0.000001
0.685202 0.000018
0.686099 0.000004
0.693274 0.000001
0.694170 0.000000
0.695067 0.000004
0.695964 0.000001
0.685202 0.000073
0.686099 0.000016
0.686996 0.000244
0.687892 0.000069
0.695067 0.000016
0.695964 0.000004
0.696861 0.000068
0.697758 0.000021
0.712108 0.000019
0.713004 0.000004
0.713901 0.000061
0.714798 0.000017
0.721973 0.000004
0.722870 0.000001
0.723767 0.000017
0.724664 0.000005
0.794619 0.000060
0.795516 0.000016
0.796413 0.000314
0.797309 0.000094
0.804484 0.000016
0.805381 0.000005
0.806278 0.000094
0.807175 0.000027
0.821525 0.000015
0.822422 0.000004
0.823318 0.000078
0.824215 0.000023
0.831390 0.000004
0.832287 0.000001
0.833184 0.000023
0.834081 0.000007
0.823318 0.000310
0.824215 0.000093
0.825112 0.001696
0.826009 0.000445
0.833184 0.000093
0.834081 0.000026
0.834978 0.000445
0.835874 0.000107
0.850224 0.000077
0.851121 0.000023
0.852018 0.000421
0.852915 0.000111
0.860090 0.000023
0.860987 0.000007
0.861883 0.000111
0.862780 0.000027
0.531839 0.000083
0.532735 0.000017
0.533632 0.000244
0.534529 0.000063
0.541704 0.000017
0.542601 0.000004
0.543498 0.000063
0.544395 0.000018
0.558744 0.000021
0.559641 0.000004
0.560538 0.000061
0.561435 0.000016
0.568610 0.000004
0.569507 0.000001
0.570404 0.000016
0.571300 0.000005
0.560538 0.000244
0.561435 0.000062
0.562332 0.001161
0.563229 0.000351
0.570404 0.000062
0.571300 0.000018
0.572197 0.000350
0.573094 0.000102
0.587444 0.000061
0.588341 0.000016
0.589238 0.000287
0.590135 0.000087
0.597309 0.000015
0.598206 0.000004
0.599103 0.000086
0.600000 0.000025
0.669955 0.000276
0.670852 0.000083
0.671749 0.001580
0.672646 0.000436
0.679821 0.000083
0.680717 0.000025
0.681614 0.000436
0.682511 0.000111
0.696861 0.000068
0.697758 0.000021
0.698655 0.000391
0.699552 0.000109
0.706726 0.000021
0.707623 0.000006
0.708520 0.000108
0.709417 0.000028
0.698655 0.001565
0.699552 0.000434
0.700448 0.007089
0.701345 0.001655
0.708520 0.000434
0.709417 0.000111
0.710314 0.001659
0.711211 0.000359
0.725561 0.000387
0.726457 0.000108
0.727354 0.001775
0.728251 0.000417
0.735426 0.000108
0.736323 0.000028
0.737220 0.000418
0.738117 0.000091
0.788341 0.000024
0.789238 0.000007
0.790135 0.000111
0.791031 0.000026
0.798206 0.000007
0.799103 0.000002
0.800000 0.000027
0.800897 0.000006
0.815247 0.000006
0.816143 0.000002
0.817040 0.000028
0.817937 0.000007
0.825112 0.000002
0.826009 0.000000
0.826906 0.000007
0.827803 0.000001
0.817040 0.000111
0.817937 0.000027
0.818834 0.000376
0.819731 0.000078
0.826906 0.000027
0.827803 0.000006
0.828700 0.000079
0.829596 0.000016
0.843946 0.000028
0.844843 0.000007
0.845740 0.000095
0.846637 0.000020
0.853812 0.000007
0.854709 0.000001
0.855605 0.000020
0.856502 0.000004
0.926457 0.000098
0.927354 0.000021
0.928251 0.000273
0.929148 0.000061
0.936323 0.000021
0.937220 0.000004
0.938117 0.000076
0.953363 0.000031
0.954260 0.000007
0.955157 0.000108
0.955157 0.000432
0.956054 0.000095
0.956951 0.001561
0.957848 0.000454
0.661883 0.000335
0.662780 0.000099
0.663677 0.001747
0.664574 0.000442
0.671749 0.000099
0.672646 0.000027
0.673543 0.000442
0.674439 0.000103
0.688789 0.000083
0.689686 0.000025
0.690583 0.000435
0.691480 0.000111
0.698655 0.000024
0.699552 0.000007
0.700448 0.000111
0.701345 0.000026
0.690583 0.001740
0.691480 0.000443
0.692377 0.006602
0.693274 0.001424
0.700448 0.000443
0.701345 0.000103
0.702242 0.001430
0.703139 0.000296
0.717489 0.000433
0.718386 0.000111
0.719283 0.001663
0.720179 0.000360
0.727354 0.000111
0.728251 0.000026
0.729148 0.000362
0.730045 0.000075
0.800000 0.001697
0.800897 0.000373
0.801794 0.004965
0.802691 0.001041
0.809865 0.000374
0.810762 0.000078
0.811659 0.001045
0.812556 0.000242
0.826906 0.000427
0.827803 0.000094
0.828700 0.001258
0.829596 0.000263
0.836771 0.000095
0.837668 0.000020
0.838565 0.000264
0.839462 0.000060
0.828700 0.005031
0.829596 0.001051
0.830493 0.015477
0.831390 0.004150
0.838565 0.001055
0.839462 0.000242
0.840359 0.004137
0.841256 0.001230
0.855605 0.001274
0.856502 0.000266
0.857399 0.003873
0.858296 0.001028
0.865471 0.000266
0.866368 0.000061
0.867265 0.001025
0.868161 0.000303
0.918386 0.000411
0.919283 0.000085
0.920179 0.001216
0.921076 0.000315
0.928251 0.000085
0.929148 0.000019
0.930045 0.000314
0.930942 0.000092
0.945291 0.000104
0.946188 0.000022
0.947085 0.000305
0.947982 0.000078
0.955157 0.000135
0.947085 0.001220
0.947982 0.000313
0.948879 0.005838
0.949776 0.001765
0.956951 0.000390
0.958744 0.002197
0.973991 0.000479
0.975785 0.002252
0.156054 0.000008
0.156951 0.000002
0.157848 0.000037
0.158744 0.000011
0.165919 0.000002
0.166816 0.000001
0.167713 0.000011
0.168610 0.000003
0.182960 0.000002
0.183857 0.000000
0.184753 0.000009
0.185650 0.000003
0.192825 0.000000
0.193722 0.000000
0.194619 0.000003
0.195516 0.000001
0.184753 0.000037
0.185650 0.000011
0.186547 0.000208
0.187444 0.000056
0.194619 0.000011
0.195516 0.000003
0.196413 0.000056
0.197309 0.000014
0.211659 0.000009
0.212556 0.000003
0.213453 0.000052
0.214350 0.000014
0.221525 0.000003
0.222422 0.000001
0.223318 0.000014
0.224215 0.000004
0.294170 0.000050
0.295067 0.000014
0.295964 0.000227
0.296861 0.000053
0.304036 0.000014
0.304933 0.000004
0.305830 0.000053
0.306726 0.000011
0.321076 0.000012
0.321973 0.000003
0.322870 0.000057
0.323767 0.000013
0.330942 0.000003
0.331839 0.000001
0.332735 0.000013
0.333632 0.000003
0.322870 0.000227
0.323767 0.000053
0.324664 0.000739
0.325561 0.000153
0.332735 0.000053
0.333632 0.000012
0.334529 0.000154
0.335426 0.000033
0.349776 0.000057
0.350673 0.000013
0.351570 0.000187
0.352466 0.000039
0.359641 0.000013
0.360538 0.000003
0.361435 0.000039
0.362332 0.000008
0.618834 0.000004
0.619731 0.000001
0.620628 0.000013
0.621525 0.000003
0.628700 0.000001
0.629596 0.000000
0.630493 0.000003
0.631390 0.000001
0.645740 0.000001
0.646637 0.000000
0.647534 0.000003
0.648430 0.000001
0.655605 0.000000
0.656502 0.000000
0.657399 0.000001
0.658296 0.000000
0.647534 0.000013
0.648430 0.000003
0.649327 0.000037
0.650224 0.000008
0.657399 0.000003
0.658296 0.000001
0.659193 0.000008
0.660090 0.000002
0.674439 0.000003
0.675336 0.000001
0.676233 0.000009
0.677130 0.000002
0.684305 0.000001
0.685202 0.000000
0.686099 0.000002
0.686996 0.000000
0.756951 0.000010
0.757848 0.000002
0.758744 0.000031
0.759641 0.000009
0.766816 0.000002
0.767713 0.000000
0.768610 0.000008
0.769507 0.000003
0.783857 0.000002
0.784753 0.000001
0.785650 0.000008
0.786547 0.000002
0.793722 0.000001
0.794619 0.000000
0.795516 0.000002
0.796413 0.000001
0.785650 0.000031
0.786547 0.000008
0.787444 0.000162
0.788341 0.000048
0.795516 0.000008
0.796413 0.000003
0.797309 0.000048
0.798206 0.000014
0.812556 0.000008
0.813453 0.000002
0.814350 0.000040
0.815247 0.000012
0.822422 0.000002
0.823318 0.000001
0.824215 0.000012
0.825112 0.000003
0.649327 0.000003
0.650224 0.000001
0.651121 0.000010
0.652018 0.000003
0.659193 0.000001
0.660090 0.000000
0.660987 0.000003
0.661883 0.000001
0.676233 0.000001
0.677130 0.000000
0.678027 0.000002
0.678924 0.000001
0.686099 0.000000
0.686996 0.000000
0.687892 0.000001
0.688789 0.000000
0.678027 0.000010
0.678924 0.000003
0.679821 0.000053
0.680717 0.000016
0.687892 0.000003
0.688789 0.000001
0.689686 0.000016
0.690583 0.000004
0.704933 0.000002
0.705830 0.000001
0.706726 0.000013
0.707623 0.000004
0.714798 0.000001
0.715695 0.000000
0.716592 0.000004
0.717489 0.000001
0.787444 0.000013
0.788341 0.000004
0.789238 0.000068
0.790135 0.000018
0.797309 0.000004
0.798206 0.000001
0.799103 0.000018
0.800000 0.000004
0.814350 0.000003
0.815247 0.000001
0.816143 0.000017
0.817040 0.000004
0.824215 0.000001
0.825112 0.000000
0.826009 0.000004
0.826906 0.000001
0.816143 0.000068
0.817040 0.000018
0.817937 0.000273
0.818834 0.000060
0.826009 0.000018
0.826906 0.000004
0.827803 0.000060
0.828700 0.000013
0.843049 0.000017
0.843946 0.000004
0.844843 0.000069
0.845740 0.000015
0.852915 0.000006
0.854709 0.000019
0.626009 0.000004
0.626906 0.000001
0.627803 0.000022
0.628700 0.000006
0.635874 0.000001
0.636771 0.000000
0.637668 0.000006
0.638565 0.000001
0.652915 0.000001
0.653812 0.000000
0.654709 0.000005
0.655605 0.000001
0.662780 0.000000
0.663677 0.000000
0.664574 0.000001
0.665471 0.000000
0.654709 0.000022
0.655605 0.000006
0.656502 0.000082
0.657399 0.000018
0.664574 0.000006
0.665471 0.000001
0.666368 0.000018
0.667265 0.000004
0.681614 0.000005
0.682511 0.000001
0.683408 0.000021
0.684305 0.000004
0.691480 0.000001
0.692377 0.000000
0.693274 0.000004
0.694170 0.000001
0.764126 0.000021
0.765022 0.000005
0.765919 0.000061
0.766816 0.000013
0.773991 0.000005
0.774888 0.000001
0.775785 0.000013
0.776682 0.000003
0.791031 0.000005
0.791928 0.000001
0.792825 0.000015
0.793722 0.000003
0.800897 0.000001
0.801794 0.000000
0.802691 0.000003
0.803587 0.000001
0.792825 0.000062
0.793722 0.000013
0.794619 0.000193
0.795516 0.000053
0.802691 0.000013
0.803587 0.000003
0.804484 0.000052
0.805381 0.000016
0.819731 0.000016
0.820628 0.000003
0.821525 0.000048
0.822422 0.000013
0.829596 0.000003
0.830493 0.000001
0.831390 0.000013
0.832287 0.000004
0.412556 0.000004
0.413453 0.000001
0.414350 0.000012
0.415247 0.000002
0.422422 0.000001
0.423318 0.000000
0.424215 0.000003
0.425112 0.000001
0.439462 0.000001
0.440359 0.000000
0.441256 0.000003
0.442152 0.000001
0.449327 0.000000
0.450224 0.000000
0.451121 0.000001
0.452018 0.000000
0.441256 0.000012
0.442152 0.000003
0.443049 0.000034
0.443946 0.000008
0.451121 0.000003
0.452018 0.000001
0.452915 0.000008
0.453812 0.000002
0.468161 0.000003
0.469058 0.000001
0.469955 0.000009
0.470852 0.000002
0.478027 0.000001
0.478924 0.000000
0.479821 0.000002
0.480717 0.000001
0.550673 0.000009
0.551570 0.000002
0.552466 0.000032
0.553363 0.000009
0.560538 0.000002
0.561435 0.000000
0.562332 0.000009
0.563229 0.000003
0.577578 0.000002
0.578475 0.000000
0.579372 0.000008
0.580269 0.000002
0.587444 0.000000
0.588341 0.000000
0.589238 0.000002
0.590135 0.000001
0.579372 0.000032
0.580269 0.000009
0.581166 0.000178
0.582063 0.000052
0.589238 0.000009
0.590135 0.000003
0.591031 0.000052
0.591928 0.000014
0.606278 0.000008
0.607175 0.000002
0.608072 0.000044
0.608969 0.000013
0.616143 0.000002
0.617040 0.000001
0.617937 0.000013
0.618834 0.000004
0.875336 0.000002
0.876233 0.000001
0.877130 0.000012
0.878027 0.000004
0.885202 0.000001
0.886099 0.000000
0.886996 0.000005
0.902242 0.000001
0.903139 0.000000
0.904036 0.000005
0.904036 0.000012
0.904933 0.000004
0.905830 0.000066
0.906726 0.000018
0.913901 0.000022
0.930942 0.000023
0.905830 0.000005
0.906726 0.000001
0.907623 0.000022
0.908520 0.000005
0.915695 0.000009
0.932735 0.000010
0.934529 0.000043
0.936323 0.000129
0.882511 0.000005
0.883408 0.000001
0.884305 0.000015
0.885202 0.000004
0.892377 0.000001
0.893274 0.000000
0.894170 0.000004
0.895067 0.000001
0.909417 0.000002
0.910314 0.000000
0.911211 0.000005
0.912108 0.000001
0.911211 0.000015
0.912108 0.000004
0.913004 0.000074
0.913901 0.000022
0.921076 0.000025
0.938117 0.000030
0.286099 0.000056
0.286996 0.000014
0.287892 0.000211
0.288789 0.000045
0.295964 0.000014
0.296861 0.000003
0.297758 0.000046
0.298655 0.000009
0.313004 0.000014
0.313901 0.000004
0.314798 0.000053
0.315695 0.000011
0.322870 0.000004
0.323767 0.000001
0.324664 0.000012
0.325561 0.000002
0.314798 0.000212
0.315695 0.000046
0.316592 0.000609
0.317489 0.000130
0.324664 0.000046
0.325561 0.000010
0.326457 0.000130
0.327354 0.000031
0.341704 0.000053
0.342601 0.000012
0.343498 0.000154
0.344395 0.000033
0.351570 0.000012
0.352466 0.000002
0.353363 0.000033
0.354260 0.000008
0.424215 0.000160
0.425112 0.000034
0.426009 0.000495
0.426906 0.000133
0.434081 0.000034
0.434978 0.000008
0.435874 0.000133
0.436771 0.000039
0.451121 0.000041
0.452018 0.000008
0.452915 0.000124
0.453812 0.000033
0.460987 0.000009
0.461883 0.000002
0.462780 0.000033
0.463677 0.000010
0.452915 0.000496
0.453812 0.000132
0.454709 0.002505
0.455605 0.000754
0.462780 0.000131
0.463677 0.000039
0.464574 0.000751
0.465471 0.000215
0.479821 0.000124
0.480717 0.000033
0.481614 0.000618
0.482511 0.000186
0.489686 0.000033
0.490583 0.000010
0.491480 0.000186
0.492377 0.000053
0.748879 0.000008
0.749776 0.000002
0.750673 0.000034
0.751570 0.000010
0.758744 0.000002
0.759641 0.000001
0.760538 0.000010
0.761435 0.000003
0.775785 0.000002
0.776682 0.000000
0.777578 0.000008
0.778475 0.000003
0.785650 0.000000
0.786547 0.000000
0.787444 0.000003
0.788341 0.000001
0.777578 0.000034
0.778475 0.000010
0.779372 0.000194
0.780269 0.000055
0.787444 0.000010
0.788341 0.000003
0.789238 0.000055
0.790135 0.000014
0.804484 0.000008
0.805381 0.000003
0.806278 0.000048
0.807175 0.000014
0.814350 0.000002
0.815247 0.000001
0.816143 0.000014
0.817040 0.000004
0.886996 0.000046
0.887892 0.000013
0.888789 0.000227
0.889686 0.000055
0.896861 0.000083
0.913901 0.000090
0.915695 0.000443
0.917489 0.001561
0.779372 0.000015
0.780269 0.000004
0.781166 0.000071
0.782063 0.000017
0.789238 0.000004
0.790135 0.000001
0.791031 0.000017
0.791928 0.000004
0.806278 0.000004
0.807175 0.000001
0.808072 0.000018
0.808969 0.000004
0.816143 0.000001
0.817040 0.000000
0.817937 0.000004
0.818834 0.000001
0.808072 0.000071
0.808969 0.000017
0.809865 0.000240
0.810762 0.000050
0.817937 0.000017
0.818834 0.000004
0.819731 0.000050
0.820628 0.000010
0.834978 0.000018
0.835874 0.000004
0.836771 0.000061
0.837668 0.000013
0.844843 0.000004
0.845740 0.000001
0.846637 0.000013
0.847534 0.000003
0.917489 0.000488
0.918386 0.000103
0.919283 0.001703
0.756054 0.000018
0.756951 0.000004
0.757848 0.000051
0.758744 0.000012
0.765919 0.000004
0.766816 0.000001
0.767713 0.000012
0.768610 0.000003
0.782960 0.000005
0.783857 0.000001
0.784753 0.000013
0.785650 0.000003
0.792825 0.000001
0.793722 0.000000
0.794619 0.000003
0.795516 0.000001
0.784753 0.000052
0.785650 0.000012
0.786547 0.000211
0.787444 0.000063
0.794619 0.000012
0.795516 0.000003
0.796413 0.000063
0.797309 0.000019
0.811659 0.000013
0.812556 0.000003
0.813453 0.000052
0.814350 0.000016
0.821525 0.000003
0.822422 0.000001
0.823318 0.000016
0.824215 0.000005
0.894170 0.000051
0.895067 0.000015
0.895964 0.000289
0.896861 0.000083
0.904036 0.000019
0.905830 0.000104
0.921076 0.000020
0.922870 0.000112
0.922870 0.000447
0.923767 0.000129
0.924664 0.002769
0.542601 0.000015
0.543498 0.000004
0.544395 0.000073
0.545291 0.000022
0.552466 0.000004
0.553363 0.000001
0.554260 0.000022
0.555157 0.000006
0.569507 0.000004
0.570404 0.000001
0.571300 0.000018
0.572197 0.000005
0.579372 0.000001
0.580269 0.000000
0.581166 0.000005
0.582063 0.000002
0.571300 0.000072
0.572197 0.000022
0.573094 0.000408
0.573991 0.000110
0.581166 0.000022
0.582063 0.000006
0.582960 0.000110
0.583857 0.000027
0.598206 0.000018
0.599103 0.000005
0.600000 0.000101
0.600897 0.000028
0.608072 0.000005
0.608969 0.000002
0.609865 0.000027
0.610762 0.000007
0.680717 0.000098
0.681614 0.000027
0.682511 0.000443
0.683408 0.000103
0.690583 0.000027
0.691480 0.000007
0.692377 0.000103
0.693274 0.000022
0.707623 0.000024
0.708520 0.000007
0.709417 0.000111
0.710314 0.000026
0.717489 0.000007
0.718386 0.000002
0.719283 0.000026
0.720179 0.000006
0.709417 0.000443
0.710314 0.000104
0.711211 0.001436
0.712108 0.000297
0.719283 0.000104
0.720179 0.000023
0.721076 0.000298
0.721973 0.000063
0.736323 0.000111
0.737220 0.000026
0.738117 0.000363
0.739013 0.000075
0.746188 0.000026
0.747085 0.000006
0.747982 0.000076
0.748879 0.000016
0.417937 0.000033
0.418834 0.000010
0.419731 0.000191
0.420628 0.000054
0.427803 0.000010
0.428700 0.000003
0.429596 0.000054
0.430493 0.000014
0.444843 0.000008
0.445740 0.000002
0.446637 0.000047
0.447534 0.000014
0.454709 0.000002
0.455605 0.000001
0.456502 0.000013
0.457399 0.000004
0.446637 0.000189
0.447534 0.000054
0.448430 0.000910
0.449327 0.000219
0.456502 0.000054
0.457399 0.000014
0.458296 0.000220
0.459193 0.000049
0.473543 0.000047
0.474439 0.000013
0.475336 0.000227
0.476233 0.000055
0.483408 0.000013
0.484305 0.000004
0.485202 0.000055
0.486099 0.000012
0.556054 0.000226
0.556951 0.000056
0.557848 0.000810
0.558744 0.000171
0.565919 0.000056
0.566816 0.000013
0.567713 0.000172
0.568610 0.000036
0.582960 0.000056
0.583857 0.000014
0.584753 0.000204
0.585650 0.000043
0.592825 0.000014
0.593722 0.000003
0.594619 0.000044
0.595516 0.000009
0.584753 0.000817
0.585650 0.000173
0.586547 0.002296
0.587444 0.000503
0.594619 0.000174
0.595516 0.000036
0.596413 0.000504
0.597309 0.000127
0.611659 0.000206
0.612556 0.000044
0.613453 0.000581
0.614350 0.000126
0.621525 0.000044
0.622422 0.000009
0.623318 0.000127
0.624215 0.000032
0.880717 0.000069
0.881614 0.000015
0.882511 0.000207
0.883408 0.000043
0.890583 0.000015
0.891480 0.000003
0.892377 0.000054
0.907623 0.000022
0.908520 0.000005
0.909417 0.000082
0.909417 0.000209
0.910314 0.000043
0.911211 0.000622
0.912108 0.000162
0.919283 0.000272
0.936323 0.000414
0.911211 0.000049
0.912108 0.000013
0.913004 0.000238
0.913901 0.000072
0.921076 0.000079
0.938117 0.000095
0.939910 0.000458
0.941704 0.002571
0.887892 0.000104
0.888789 0.000028
0.889686 0.000432
0.890583 0.000097
0.897758 0.000028
0.898655 0.000007
0.899552 0.000097
0.900448 0.000020
0.914798 0.000026
0.915695 0.000007
0.916592 0.000108
0.917489 0.000024
0.924664 0.000043
0.916592 0.000434
0.917489 0.000098
0.918386 0.001314
0.919283 0.000272
0.926457 0.000122
0.928251 0.000342
0.943498 0.000170
0.945291 0.000520
0.674439 0.000026
0.675336 0.000006
0.676233 0.000073
0.677130 0.000016
0.684305 0.000006
0.685202 0.000001
0.686099 0.000016
0.686996 0.000004
0.701345 0.000006
0.702242 0.000001
0.703139 0.000018
0.704036 0.000004
0.711211 0.000001
0.712108 0.000000
0.713004 0.000004
0.713901 0.000001
0.703139 0.000074
0.704036 0.000016
0.704933 0.000243
0.705830 0.000068
0.713004 0.000016
0.713901 0.000004
0.714798 0.000068
0.715695 0.000020
0.730045 0.000019
0.730942 0.000004
0.731839 0.000061
0.732735 0.000017
0.739910 0.000004
0.740807 0.000001
0.741704 0.000017
0.742601 0.000005
0.812556 0.000060
0.813453 0.000016
0.814350 0.000311
0.815247 0.000094
0.822422 0.000016
0.823318 0.000005
0.824215 0.000093
0.825112 0.000026
0.839462 0.000015
0.840359 0.000004
0.841256 0.000077
0.842152 0.000023
0.849327 0.000004
0.850224 0.000001
0.851121 0.000023
0.852018 0.000007
0.841256 0.000307
0.842152 0.000092
0.843049 0.001689
0.843946 0.000444
0.851121 0.000092
0.852018 0.000026
0.852915 0.000444
0.853812 0.000107
0.868161 0.000076
0.869058 0.000023
0.869955 0.000419
0.870852 0.000111
0.878027 0.000023
0.878924 0.000007
0.879821 0.000111
0.880717 0.000027
0.547982 0.000436
0.548879 0.000099
0.549776 0.001332
0.550673 0.000276
0.557848 0.000099
0.558744 0.000021
0.559641 0.000277
0.560538 0.000061
0.574888 0.000109
0.575785 0.000025
0.576682 0.000337
0.577578 0.000070
0.584753 0.000025
0.585650 0.000005
0.586547 0.000070
0.587444 0.000015
0.576682 0.001350
0.577578 0.000279
0.578475 0.003923
0.579372 0.000994
0.586547 0.000280
0.587444 0.000061
0.588341 0.000992
0.589238 0.000287
0.603587 0.000342
0.604484 0.000071
0.605381 0.000986
0.606278 0.000247
0.613453 0.000071
0.614350 0.000015
0.615247 0.000247
0.616143 0.000071
0.686099 0.001004
0.686996 0.000244
0.687892 0.004389
0.688789 0.001324
0.695964 0.000243
0.696861 0.000068
0.697758 0.001319
0.698655 0.000391
0.713004 0.000253
0.713901 0.000061
0.714798 0.001085
0.715695 0.000327
0.722870 0.000061
0.723767 0.000017
0.724664 0.000325
0.725561 0.000097
0.714798 0.004340
0.715695 0.001307
0.716592 0.024873
0.717489 0.006931
0.724664 0.001302
0.725561 0.000387
0.726457 0.006920
0.727354 0.001775
0.741704 0.001073
0.742601 0.000323
0.743498 0.006156
0.744395 0.001725
0.751570 0.000321
0.752466 0.000096
0.753363 0.001722
0.754260 0.000444
0.804484 0.000065
0.805381 0.000020
0.806278 0.000375
0.807175 0.000106
0.814350 0.000019
0.815247 0.000006
0.816143 0.000106
0.817040 0.000028
0.831390 0.000016
0.832287 0.000005
0.833184 0.000093
0.834081 0.000026
0.841256 0.000005
0.842152 0.000001
0.843049 0.000026
0.843946 0.000007
0.833184 0.000371
0.834081 0.000106
0.834978 0.001778
0.835874 0.000427
0.843049 0.000106
0.843946 0.000028
0.844843 0.000428
0.845740 0.000095
0.860090 0.000092
0.860987 0.000026
0.861883 0.000444
0.862780 0.000107
0.869955 0.000026
0.870852 0.000007
0.871749 0.000108
0.872646 0.000024
0.942601 0.000442
0.943498 0.000109
0.944395 0.001576
0.945291 0.000333
0.952466 0.000136
0.954260 0.000418
0.969507 0.000172
0.971300 0.000621
0.971300 0.002485
0.972197 0.000527
0.973094 0.008713
0.426009 0.000031
0.426906 0.000008
0.427803 0.000159
0.428700 0.000048
0.435874 0.000008
0.436771 0.000002
0.437668 0.000047
0.438565 0.000014
0.452915 0.000008
0.453812 0.000002
0.454709 0.000039
0.455605 0.000012
0.462780 0.000002
0.463677 0.000001
0.464574 0.000012
0.465471 0.000003
0.454709 0.000157
0.455605 0.000047
0.456502 0.000862
0.457399 0.000228
0.464574 0.000047
0.465471 0.000013
0.466368 0.000227
0.467265 0.000055
0.481614 0.000039
0.482511 0.000012
0.483408 0.000214
0.484305 0.000057
0.491480 0.000012
0.492377 0.000003
0.493274 0.000057
0.494170 0.000014
0.564126 0.000209
0.565022 0.000057
0.565919 0.000895
0.566816 0.000203
0.573991 0.000056
0.574888 0.000014
0.575785 0.000204
0.576682 0.000043
0.591031 0.000052
0.591928 0.000014
0.592825 0.000225
0.593722 0.000051
0.600897 0.000014
0.601794 0.000004
0.602691 0.000051
0.603587 0.000011
0.592825 0.000898
0.593722 0.000205
0.594619 0.002788
0.595516 0.000576
0.602691 0.000206
0.603587 0.000044
0.604484 0.000579
0.605381 0.000126
0.619731 0.000225
0.620628 0.000052
0.621525 0.000706
0.622422 0.000146
0.629596 0.000052
0.630493 0.000011
0.631390 0.000146
0.632287 0.000032
0.888789 0.000071
0.889686 0.000017
0.890583 0.000247
0.891480 0.000052
0.898655 0.000017
0.899552 0.000004
0.900448 0.000065
0.915695 0.000022
0.916592 0.000005
0.917489 0.000098
0.917489 0.000250
0.918386 0.000053
0.919283 0.000697
0.920179 0.000156
0.927354 0.000330
0.944395 0.000492
0.919283 0.000054
0.920179 0.000012
0.921076 0.000202
0.921973 0.000059
0.929148 0.000076
0.946188 0.000108
0.947982 0.000391
0.949776 0.002206
0.895964 0.000090
0.896861 0.000026
0.897758 0.000444
0.898655 0.000108
0.905830 0.000026
0.906726 0.000007
0.907623 0.000108
0.908520 0.000024
0.922870 0.000022
0.923767 0.000006
0.924664 0.000111
0.925561 0.000027
0.932735 0.000040
0.924664 0.000443
0.925561 0.000109
0.926457 0.001566
0.927354 0.000330
0.934529 0.000136
0.936323 0.000414
0.951570 0.000173
0.953363 0.000617
0.682511 0.000028
0.683408 0.000006
0.684305 0.000089
0.685202 0.000018
0.692377 0.000006
0.693274 0.000001
0.694170 0.000018
0.695067 0.000004
0.709417 0.000007
0.710314 0.000002
0.711211 0.000022
0.712108 0.000005
0.719283 0.000002
0.720179 0.000000
0.721076 0.000005
0.721973 0.000001
0.711211 0.000090
0.712108 0.000019
0.713004 0.000253
0.713901 0.000061
0.721076 0.000019
0.721973 0.000004
0.722870 0.000061
0.723767 0.000017
0.738117 0.000023
0.739013 0.000005
0.739910 0.000064
0.740807 0.000015
0.747982 0.000005
0.748879 0.000001
0.749776 0.000015
0.750673 0.000004
0.820628 0.000065
0.821525 0.000015
0.822422 0.000260
0.823318 0.000078
0.830493 0.000015
0.831390 0.000004
0.832287 0.000077
0.833184 0.000023
0.847534 0.000017
0.848430 0.000004
0.849327 0.000064
0.850224 0.000019
0.857399 0.000004
0.858296 0.000001
0.859193 0.000019
0.860090 0.000006
0.849327 0.000258
0.850224 0.000077
0.851121 0.001474
0.852018 0.000421
0.859193 0.000076
0.860090 0.000023
0.860987 0.000420
0.861883 0.000111
0.876233 0.000064
0.877130 0.000019
0.878027 0.000364
0.878924 0.000105
0.886099 0.000019
0.886996 0.000006
0.887892 0.000104
0.888789 0.000028
0.556054 0.000442
0.556951 0.000109
0.557848 0.001582
0.558744 0.000335
0.565919 0.000109
0.566816 0.000025
0.567713 0.000336
0.568610 0.000070
0.582960 0.000110
0.583857 0.000027
0.584753 0.000399
0.585650 0.000085
0.592825 0.000027
0.593722 0.000006
0.594619 0.000085
0.595516 0.000018
0.584753 0.001596
0.585650 0.000339
0.586547 0.004484
0.587444 0.000982
0.594619 0.000340
0.595516 0.000070
0.596413 0.000984
0.597309 0.000248
0.611659 0.000403
0.612556 0.000086
0.613453 0.001135
0.614350 0.000247
0.621525 0.000086
0.622422 0.000018
0.623318 0.000247
0.624215 0.000062
0.694170 0.001178
0.695067 0.000252
0.695964 0.003896
0.696861 0.001093
0.704036 0.000252
0.704933 0.000061
0.705830 0.001089
0.706726 0.000328
0.721076 0.000298
0.721973 0.000063
0.722870 0.000971
0.723767 0.000270
0.730942 0.000064
0.731839 0.000015
0.732735 0.000269
0.733632 0.000081
0.722870 0.003885
0.723767 0.001081
0.724664 0.020826
0.725561 0.006198
0.732735 0.001077
0.733632 0.000324
0.734529 0.006177
0.735426 0.001727
0.749776 0.000969
0.750673 0.000267
0.751570 0.005139
0.752466 0.001534
0.759641 0.000266
0.760538 0.000080
0.761435 0.001528
0.762332 0.000430
0.812556 0.000060
0.813453 0.000016
0.814350 0.000311
0.815247 0.000094
0.822422 0.000016
0.823318 0.000005
0.824215 0.000093
0.825112 0.000026
0.839462 0.000015
0.840359 0.000004
0.841256 0.000077
0.842152 0.000023
0.849327 0.000004
0.850224 0.000001
0.851121 0.000023
0.852018 0.000007
0.841256 0.000307
0.842152 0.000092
0.843049 0.001689
0.843946 0.000444
0.851121 0.000092
0.852018 0.000026
0.852915 0.000444
0.853812 0.000107
0.868161 0.000076
0.869058 0.000023
0.869955 0.000419
0.870852 0.000111
0.878027 0.000023
0.878924 0.000007
0.879821 0.000111
0.880717 0.000027
0.950673 0.000410
0.951570 0.000111
0.952466 0.001745
0.953363 0.000395
0.960538 0.000138
0.962332 0.000495
0.977578 0.000159
0.979372 0.000684
0.979372 0.002737
0.980269 0.000623
0.981166 0.010577
0.687892 0.000274
0.688789 0.000083
0.689686 0.001570
0.690583 0.000435
0.697758 0.000082
0.698655 0.000024
0.699552 0.000434
0.700448 0.000111
0.714798 0.000068
0.715695 0.000020
0.716592 0.000389
0.717489 0.000108
0.724664 0.000020
0.725561 0.000006
0.726457 0.000108
0.727354 0.000028
0.716592 0.001555
0.717489 0.000433
0.718386 0.007096
0.719283 0.001663
0.726457 0.000433
0.727354 0.000111
0.728251 0.001667
0.729148 0.000362
0.743498 0.000385
0.744395 0.000108
0.745291 0.001776
0.746188 0.000419
0.753363 0.000108
0.754260 0.000028
0.755157 0.000420
0.756054 0.000091
0.826009 0.001778
0.826906 0.000427
0.827803 0.006032
0.828700 0.001258
0.835874 0.000427
0.836771 0.000095
0.837668 0.001263
0.838565 0.000264
0.852915 0.000444
0.853812 0.000107
0.854709 0.001524
0.855605 0.000319
0.862780 0.000107
0.863677 0.000024
0.864574 0.000320
0.865471 0.000067
0.854709 0.006096
0.855605 0.001274
0.856502 0.016996
0.857399 0.003873
0.864574 0.001280
0.865471 0.000266
0.866368 0.003875
0.867265 0.001025
0.881614 0.001540
0.882511 0.000323
0.883408 0.004295
0.884305 0.000970
0.891480 0.000324
0.892377 0.000067
0.893274 0.000971
0.894170 0.000254
0.944395 0.000492
0.945291 0.000104
0.946188 0.001378
0.947085 0.000305
0.954260 0.000104
0.955157 0.000022
0.956054 0.000306
0.956951 0.000078
0.971300 0.000155
0.972197 0.000033
0.973094 0.000436
0.973991 0.000096
0.973094 0.001394
0.973991 0.000306
0.974888 0.004974
0.975785 0.001441
0.982960 0.001918
1.000000 0.002756
0.817937 0.002129
0.818834 0.000470
0.819731 0.006261
0.820628 0.001310
0.827803 0.000471
0.828700 0.000098
0.829596 0.001314
0.830493 0.000302
0.844843 0.000535
0.845740 0.000119
0.846637 0.001586
0.847534 0.000331
0.854709 0.000119
0.855605 0.000025
0.856502 0.000332
0.857399 0.000076
0.846637 0.006344
0.847534 0.001323
0.848430 0.019357
0.849327 0.005155
0.856502 0.001328
0.857399 0.000303
0.858296 0.005140
0.859193 0.001524
0.873543 0.001607
0.874439 0.000334
0.875336 0.004846
0.876233 0.001278
0.883408 0.000336
0.884305 0.000076
0.885202 0.001274
0.886099 0.000376
0.956054 0.004888
0.956951 0.001249
0.957848 0.023252
0.958744 0.007031
0.965919 0.001558
0.967713 0.008752
0.982960 0.001918
0.984753 0.008969
0.984753 0.035876
0.985650 0.010851
0.986547 0.253694
