0.000000 0.000000
0.034483 0.000772
0.049569 0.000000
0.084052 0.000069
0.563578 0.000001
0.598060 0.003707
0.613147 0.000000
0.647629 0.000877
0.596983 0.000087
0.631466 0.312649
0.646552 0.000014
0.681034 0.070067
1.160560 0.000000
1.195043 0.000551
1.210129 0.000001
1.244612 0.003340
0.558190 0.000000
0.592672 0.000019
0.607759 0.000000
0.642241 0.000006
1.121767 0.000000
1.156250 0.000005
1.171336 0.000000
1.205819 0.000003
1.155172 0.000000
1.189655 0.000029
1.204741 0.000000
1.239224 0.000005
1.718750 0.000000
1.753233 0.000025
1.768319 0.000000
1.802802 0.000013
0.278017 0.000000
0.312500 0.000439
0.327586 0.000000
0.362069 0.000040
0.841595 0.000001
0.876078 0.002111
0.891164 0.000000
0.925647 0.000500
0.875000 0.000049
0.909483 0.178047
0.924569 0.000008
0.959052 0.039902
1.438578 0.000000
1.473060 0.000314
1.488147 0.000001
1.522629 0.001902
0.836207 0.000000
0.870690 0.000011
0.885776 0.000000
0.920259 0.000004
1.399784 0.000000
1.434267 0.000003
1.449353 0.000000
1.483836 0.000002
1.433190 0.000000
1.467672 0.000016
1.482759 0.000000
1.517241 0.000003
1.996767 0.000000
2.031250 0.000014
2.046336 0.000000
2.080819 0.000008
0.318966 0.000000
0.353448 0.000391
0.368534 0.000000
0.403017 0.000035
0.882543 0.000001
0.917026 0.001880
0.932112 0.000000
0.966595 0.000445
0.915948 0.000044
0.950431 0.158534
0.965517 0.000007
1.000000 0.035528
1.479526 0.000000
1.514009 0.000280
1.529095 0.000001
1.563578 0.001693
0.877155 0.000000
0.911638 0.000010
0.926724 0.000000
0.961207 0.000003
1.440733 0.000000
1.475216 0.000003
1.490302 0.000000
1.524784 0.000002
1.474138 0.000000
1.508621 0.000015
1.523707 0.000000
1.558190 0.000003
2.037716 0.000000
2.072198 0.000013
2.087284 0.000000
2.121767 0.000007
0.596983 0.000000
0.631466 0.000223
0.646552 0.000000
0.681034 0.000020
1.160560 0.000000
1.195043 0.001070
1.210129 0.000000
1.244612 0.000253
1.193966 0.000025
1.228448 0.090281
1.243534 0.000004
1.278017 0.020233
1.757543 0.000000
1.792026 0.000159
1.807112 0.000000
1.841595 0.000964
1.155172 0.000000
1.189655 0.000006
1.204741 0.000000
1.239224 0.000002
1.718750 0.000000
1.753233 0.000002
1.768319 0.000000
1.802802 0.000001
1.752155 0.000000
1.786638 0.000008
1.801724 0.000000
1.836207 0.000002
2.315733 0.000000
2.350216 0.000007
2.365302 0.000000
2.399784 0.000004
0.285560 0.000000
0.320043 0.000060
0.335129 0.000000
0.369612 0.000005
0.849138 0.000000
0.883621 0.000289
0.898707 0.000000
0.933190 0.000068
0.882543 0.000007
0.917026 0.024339
0.932112 0.000001
0.966595 0.005454
1.446121 0.000000
1.480603 0.000043
1.495690 0.000000
1.530172 0.000260
0.843750 0.000000
0.878233 0.000001
0.893319 0.000000
0.927802 0.000001
1.407328 0.000000
1.441810 0.000000
1.456897 0.000000
1.491379 0.000000
1.440733 0.000000
1.475216 0.000002
1.490302 0.000000
1.524784 0.000000
2.004310 0.000000
2.038793 0.000002
2.053879 0.000000
2.088362 0.000001
0.563578 0.000000
0.598060 0.000034
0.613147 0.000000
0.647629 0.000003
1.127155 0.000000
1.161638 0.000164
1.176724 0.000000
1.211207 0.000039
1.160560 0.000004
1.195043 0.013861
1.210129 0.000001
1.244612 0.003106
1.724138 0.000000
1.758621 0.000024
1.773707 0.000000
1.808190 0.000148
1.121767 0.000000
1.156250 0.000001
1.171336 0.000000
1.205819 0.000000
1.685345 0.000000
1.719828 0.000000
1.734914 0.000000
1.769397 0.000000
1.718750 0.000000
1.753233 0.000001
1.768319 0.000000
1.802802 0.000000
2.282328 0.000000
2.316810 0.000001
2.331897 0.000000
2.366379 0.000001
0.604526 0.000000
0.639009 0.000030
0.654095 0.000000
0.688578 0.000003
1.168103 0.000000
1.202586 0.000146
1.217672 0.000000
1.252155 0.000035
1.201509 0.000004
1.235991 0.012342
1.251078 0.000001
1.285560 0.002766
1.765086 0.000000
1.799569 0.000022
1.814655 0.000000
1.849138 0.000132
1.162716 0.000000
1.197198 0.000001
1.212284 0.000000
1.246767 0.000000
1.726293 0.000000
1.760776 0.000000
1.775862 0.000000
1.810345 0.000000
1.759698 0.000000
1.794181 0.000001
1.809267 0.000000
1.843750 0.000000
2.323276 0.000000
2.357759 0.000001
2.372845 0.000000
2.407328 0.000001
0.882543 0.000000
0.917026 0.000017
0.932112 0.000000
0.966595 0.000002
1.446121 0.000000
1.480603 0.000083
1.495690 0.000000
1.530172 0.000020
1.479526 0.000002
1.514009 0.007028
1.529095 0.000000
1.563578 0.001575
2.043103 0.000000
2.077586 0.000012
2.092672 0.000000
2.127155 0.000075
1.440733 0.000000
1.475216 0.000000
1.490302 0.000000
1.524784 0.000000
2.004310 0.000000
2.038793 0.000000
2.053879 0.000000
2.088362 0.000000
2.037716 0.000000
2.072198 0.000001
2.087284 0.000000
2.121767 0.000000
2.601293 0.000000
2.635776 0.000001
2.650862 0.000000
2.685345 0.000000
