0.000000 0.000000
0.059028 0.011045
0.940972 0.000000
1.000000 0.911527
0.902778 0.000000
0.961806 0.018961
1.843750 0.000000
1.902778 0.008022
0.894097 0.000000
0.953125 0.000597
1.835069 0.000000
1.894097 0.016860
1.796875 0.000000
1.855903 0.001243
2.737847 0.000000
2.796875 0.016547
0.920139 0.000000
0.979167 0.000132
1.861111 0.000000
1.920139 0.007333
1.822917 0.000000
1.881944 0.000143
2.763889 0.000000
2.822917 0.000193
1.814236 0.000000
1.873264 0.000038
2.755208 0.000000
2.814236 0.006693
2.717014 0.000000
2.776042 0.000142
3.657986 0.000000
3.717014 0.000525
