0.000000 0.000000
0.059028 0.067762
0.940972 0.000000
1.000000 0.811217
0.902778 0.000000
0.961806 0.030259
1.843750 0.000000
1.902778 0.011342
0.894097 0.000000
0.953125 0.001121
1.835069 0.000000
1.894097 0.001406
1.796875 0.000000
1.855903 0.001892
2.737847 0.000000
2.796875 0.011129
0.920139 0.000000
0.979167 0.001999
1.861111 0.000000
1.920139 0.020291
1.822917 0.000000
1.881944 0.000645
2.763889 0.000000
2.822917 0.000066
1.814236 0.000000
1.873264 0.002401
2.755208 0.000000
2.814236 0.033847
2.717014 0.000000
2.776042 0.002411
3.657986 0.000000
3.717014 0.002213
