0.000000 0.000000
0.059028 0.011435
0.940972 0.000000
1.000000 0.000151
0.902778 0.000000
0.961806 0.000135
1.843750 0.000000
1.902778 0.000012
0.894097 0.000000
0.953125 0.001963
1.835069 0.000000
1.894097 0.000042
1.796875 0.000000
1.855903 0.000126
2.737847 0.000000
2.796875 0.000002
0.920139 0.000000
0.979167 0.959759
1.861111 0.000000
1.920139 0.012355
1.822917 0.000000
1.881944 0.003293
2.763889 0.000000
2.822917 0.001033
1.814236 0.000000
1.873264 0.000844
2.755208 0.000000
2.814236 0.000111
2.717014 0.000000
2.776042 0.008628
3.657986 0.000000
3.717014 0.000112
