0.000000 0.000000
0.059028 0.061693
0.940972 0.000000
1.000000 0.000002
0.902778 0.000000
0.961806 0.199244
1.843750 0.000000
1.902778 0.002227
0.894097 0.000000
0.953125 0.638841
1.835069 0.000000
1.894097 0.004698
1.796875 0.000000
1.855903 0.081785
2.737847 0.000000
2.796875 0.004016
0.920139 0.000000
0.979167 0.001466
1.861111 0.000000
1.920139 0.000005
1.822917 0.000000
1.881944 0.004303
2.763889 0.000000
2.822917 0.000020
1.814236 0.000000
1.873264 0.001511
2.755208 0.000000
2.814236 0.000018
2.717014 0.000000
2.776042 0.000163
3.657986 0.000000
3.717014 0.000009
