0.000000 0.000000
0.059028 0.007793
0.940972 0.000000
1.000000 0.011173
0.902778 0.000000
0.961806 0.951827
1.843750 0.000000
1.902778 0.003437
0.894097 0.000000
0.953125 0.017676
1.835069 0.000000
1.894097 0.003265
1.796875 0.000000
1.855903 0.002824
2.737847 0.000000
2.796875 0.000188
0.920139 0.000000
0.979167 0.000006
1.861111 0.000000
1.920139 0.000003
1.822917 0.000000
1.881944 0.000035
2.763889 0.000000
2.822917 0.000000
1.814236 0.000000
1.873264 0.000302
2.755208 0.000000
2.814236 0.000029
2.717014 0.000000
2.776042 0.001440
3.657986 0.000000
3.717014 0.000002
