0.000000 0.000001
0.170192 0.000000
0.525000 0.000002
0.695192 0.000113
0.520192 0.000000
0.690385 0.000001
1.045192 0.000000
1.215385 0.000001
0.266346 0.000009
0.436538 0.000000
0.791346 0.000020
0.961538 0.002868
0.786538 0.000001
0.956731 0.810902
1.311538 0.000001
1.481731 0.000000
0.142308 0.000000
0.312500 0.000030
0.667308 0.000000
0.837500 0.000006
0.662500 0.000000
0.832692 0.000025
1.187500 0.000000
1.357692 0.000000
0.408654 0.000000
0.578846 0.000023
0.933654 0.000000
1.103846 0.000001
0.928846 0.000000
1.099038 0.000000
1.453846 0.000000
1.624038 0.000000
0.249038 0.000000
0.419231 0.000000
0.774038 0.000000
0.944231 0.000024
0.769231 0.000000
0.939423 0.000000
1.294231 0.000000
1.464423 0.000000
0.515385 0.000002
0.685577 0.000000
1.040385 0.000004
1.210577 0.000604
1.035577 0.000000
1.205769 0.170860
1.560577 0.000000
1.730769 0.000000
0.391346 0.000000
0.561538 0.000006
0.916346 0.000000
1.086538 0.000001
0.911538 0.000000
1.081731 0.000005
1.436538 0.000000
1.606731 0.000000
0.657692 0.000000
0.827885 0.000005
1.182692 0.000000
1.352885 0.000000
1.177885 0.000000
1.348077 0.000000
1.702885 0.000000
1.873077 0.000000
0.025962 0.000000
0.196154 0.000000
0.550962 0.000000
0.721154 0.000001
0.546154 0.000000
0.716346 0.000000
1.071154 0.000000
1.241346 0.000000
0.292308 0.000000
0.462500 0.000000
0.817308 0.000000
0.987500 0.000027
0.812500 0.000000
0.982692 0.007547
1.337500 0.000000
1.507692 0.000000
0.168269 0.000000
0.338462 0.000000
0.693269 0.000000
0.863462 0.000000
0.688462 0.000000
0.858654 0.000000
1.213462 0.000000
1.383654 0.000000
0.434615 0.000000
0.604808 0.000000
0.959615 0.000000
1.129808 0.000000
0.954808 0.000000
1.125000 0.000000
1.479808 0.000000
1.650000 0.000000
0.275000 0.000000
0.445192 0.000000
0.800000 0.000000
0.970192 0.000000
0.795192 0.000000
0.965385 0.000000
1.320192 0.000000
1.490385 0.000000
0.541346 0.000000
0.711538 0.000000
1.066346 0.000000
1.236538 0.000006
1.061538 0.000000
1.231731 0.001590
1.586538 0.000000
1.756731 0.000000
0.417308 0.000000
0.587500 0.000000
0.942308 0.000000
1.112500 0.000000
0.937500 0.000000
1.107692 0.000000
1.462500 0.000000
1.632692 0.000000
0.683654 0.000000
0.853846 0.000000
1.208654 0.000000
1.378846 0.000000
1.203846 0.000000
1.374038 0.000000
1.728846 0.000000
1.899038 0.000000
0.008654 0.000000
0.178846 0.000000
0.533654 0.000000
0.703846 0.000000
0.528846 0.000000
0.699038 0.000000
1.053846 0.000000
1.224038 0.000000
0.275000 0.000000
0.445192 0.000000
0.800000 0.000000
0.970192 0.000011
0.795192 0.000000
0.965385 0.003068
1.320192 0.000000
1.490385 0.000000
0.150962 0.000000
0.321154 0.000000
0.675962 0.000000
0.846154 0.000000
0.671154 0.000000
0.841346 0.000000
1.196154 0.000000
1.366346 0.000000
0.417308 0.000000
0.587500 0.000000
0.942308 0.000000
1.112500 0.000000
0.937500 0.000000
1.107692 0.000000
1.462500 0.000000
1.632692 0.000000
0.257692 0.000000
0.427885 0.000000
0.782692 0.000000
0.952885 0.000000
0.777885 0.000000
0.948077 0.000000
1.302885 0.000000
1.473077 0.000000
0.524038 0.000000
0.694231 0.000000
1.049038 0.000000
1.219231 0.000002
1.044231 0.000000
1.214423 0.000646
1.569231 0.000000
1.739423 0.000000
0.400000 0.000000
0.570192 0.000000
0.925000 0.000000
1.095192 0.000000
0.920192 0.000000
1.090385 0.000000
1.445192 0.000000
1.615385 0.000000
0.666346 0.000000
0.836538 0.000000
1.191346 0.000000
1.361538 0.000000
1.186538 0.000000
1.356731 0.000000
1.711538 0.000000
1.881731 0.000000
0.034615 0.000000
0.204808 0.000000
0.559615 0.000000
0.729808 0.000000
0.554808 0.000000
0.725000 0.000000
1.079808 0.000000
1.250000 0.000000
0.300962 0.000000
0.471154 0.000000
0.825962 0.000000
0.996154 0.000000
0.821154 0.000000
0.991346 0.000029
1.346154 0.000000
1.516346 0.000000
0.176923 0.000000
0.347115 0.000000
0.701923 0.000000
0.872115 0.000000
0.697115 0.000000
0.867308 0.000000
1.222115 0.000000
1.392308 0.000000
0.443269 0.000000
0.613462 0.000000
0.968269 0.000000
1.138462 0.000000
0.963462 0.000000
1.133654 0.000000
1.488462 0.000000
1.658654 0.000000
0.283654 0.000000
0.453846 0.000000
0.808654 0.000000
0.978846 0.000000
0.803846 0.000000
0.974038 0.000000
1.328846 0.000000
1.499038 0.000000
0.550000 0.000000
0.720192 0.000000
1.075000 0.000000
1.245192 0.000000
1.070192 0.000000
1.240385 0.000006
1.595192 0.000000
1.765385 0.000000
0.425962 0.000000
0.596154 0.000000
0.950962 0.000000
1.121154 0.000000
0.946154 0.000000
1.116346 0.000000
1.471154 0.000000
1.641346 0.000000
0.692308 0.000000
0.862500 0.000000
1.217308 0.000000
1.387500 0.000000
1.212500 0.000000
1.382692 0.000000
1.737500 0.000000
1.907692 0.000000
0.012500 0.000000
0.182692 0.000000
0.537500 0.000000
0.707692 0.000000
0.532692 0.000000
0.702885 0.000000
1.057692 0.000000
1.227885 0.000000
0.278846 0.000000
0.449038 0.000000
0.803846 0.000000
0.974038 0.000004
0.799038 0.000000
0.969231 0.001144
1.324038 0.000000
1.494231 0.000000
0.154808 0.000000
0.325000 0.000000
0.679808 0.000000
0.850000 0.000000
0.675000 0.000000
0.845192 0.000000
1.200000 0.000000
1.370192 0.000000
0.421154 0.000000
0.591346 0.000000
0.946154 0.000000
1.116346 0.000000
0.941346 0.000000
1.111538 0.000000
1.466346 0.000000
1.636538 0.000000
0.261538 0.000000
0.431731 0.000000
0.786538 0.000000
0.956731 0.000000
0.781731 0.000000
0.951923 0.000000
1.306731 0.000000
1.476923 0.000000
0.527885 0.000000
0.698077 0.000000
1.052885 0.000000
1.223077 0.000001
1.048077 0.000000
1.218269 0.000241
1.573077 0.000000
1.743269 0.000000
0.403846 0.000000
0.574038 0.000000
0.928846 0.000000
1.099038 0.000000
0.924038 0.000000
1.094231 0.000000
1.449038 0.000000
1.619231 0.000000
0.670192 0.000000
0.840385 0.000000
1.195192 0.000000
1.365385 0.000000
1.190385 0.000000
1.360577 0.000000
1.715385 0.000000
1.885577 0.000000
0.038462 0.000000
0.208654 0.000000
0.563462 0.000000
0.733654 0.000000
0.558654 0.000000
0.728846 0.000000
1.083654 0.000000
1.253846 0.000000
0.304808 0.000000
0.475000 0.000000
0.829808 0.000000
1.000000 0.000000
0.825000 0.000000
0.995192 0.000011
1.350000 0.000000
1.520192 0.000000
0.180769 0.000000
0.350962 0.000000
0.705769 0.000000
0.875962 0.000000
0.700962 0.000000
0.871154 0.000000
1.225962 0.000000
1.396154 0.000000
0.447115 0.000000
0.617308 0.000000
0.972115 0.000000
1.142308 0.000000
0.967308 0.000000
1.137500 0.000000
1.492308 0.000000
1.662500 0.000000
0.287500 0.000000
0.457692 0.000000
0.812500 0.000000
0.982692 0.000000
0.807692 0.000000
0.977885 0.000000
1.332692 0.000000
1.502885 0.000000
0.553846 0.000000
0.724038 0.000000
1.078846 0.000000
1.249038 0.000000
1.074038 0.000000
1.244231 0.000002
1.599038 0.000000
1.769231 0.000000
0.429808 0.000000
0.600000 0.000000
0.954808 0.000000
1.125000 0.000000
0.950000 0.000000
1.120192 0.000000
1.475000 0.000000
1.645192 0.000000
0.696154 0.000000
0.866346 0.000000
1.221154 0.000000
1.391346 0.000000
1.216346 0.000000
1.386538 0.000000
1.741346 0.000000
1.911538 0.000000
0.021154 0.000000
0.191346 0.000000
0.546154 0.000000
0.716346 0.000000
0.541346 0.000000
0.711538 0.000000
1.066346 0.000000
1.236538 0.000000
0.287500 0.000000
0.457692 0.000000
0.812500 0.000000
0.982692 0.000000
0.807692 0.000000
0.977885 0.000004
1.332692 0.000000
1.502885 0.000000
0.163462 0.000000
0.333654 0.000000
0.688462 0.000000
0.858654 0.000000
0.683654 0.000000
0.853846 0.000000
1.208654 0.000000
1.378846 0.000000
0.429808 0.000000
0.600000 0.000000
0.954808 0.000000
1.125000 0.000000
0.950000 0.000000
1.120192 0.000000
1.475000 0.000000
1.645192 0.000000
0.270192 0.000000
0.440385 0.000000
0.795192 0.000000
0.965385 0.000000
0.790385 0.000000
0.960577 0.000000
1.315385 0.000000
1.485577 0.000000
0.536538 0.000000
0.706731 0.000000
1.061538 0.000000
1.231731 0.000000
1.056731 0.000000
1.226923 0.000001
1.581731 0.000000
1.751923 0.000000
0.412500 0.000000
0.582692 0.000000
0.937500 0.000000
1.107692 0.000000
0.932692 0.000000
1.102885 0.000000
1.457692 0.000000
1.627885 0.000000
0.678846 0.000000
0.849038 0.000000
1.203846 0.000000
1.374038 0.000000
1.199038 0.000000
1.369231 0.000000
1.724038 0.000000
1.894231 0.000000
0.047115 0.000000
0.217308 0.000000
0.572115 0.000000
0.742308 0.000000
0.567308 0.000000
0.737500 0.000000
1.092308 0.000000
1.262500 0.000000
0.313462 0.000000
0.483654 0.000000
0.838462 0.000000
1.008654 0.000000
0.833654 0.000000
1.003846 0.000000
1.358654 0.000000
1.528846 0.000000
0.189423 0.000000
0.359615 0.000000
0.714423 0.000000
0.884615 0.000000
0.709615 0.000000
0.879808 0.000000
1.234615 0.000000
1.404808 0.000000
0.455769 0.000000
0.625962 0.000000
0.980769 0.000000
1.150962 0.000000
0.975962 0.000000
1.146154 0.000000
1.500962 0.000000
1.671154 0.000000
0.296154 0.000000
0.466346 0.000000
0.821154 0.000000
0.991346 0.000000
0.816346 0.000000
0.986538 0.000000
1.341346 0.000000
1.511538 0.000000
0.562500 0.000000
0.732692 0.000000
1.087500 0.000000
1.257692 0.000000
1.082692 0.000000
1.252885 0.000000
1.607692 0.000000
1.777885 0.000000
0.438462 0.000000
0.608654 0.000000
0.963462 0.000000
1.133654 0.000000
0.958654 0.000000
1.128846 0.000000
1.483654 0.000000
1.653846 0.000000
0.704808 0.000000
0.875000 0.000000
1.229808 0.000000
1.400000 0.000000
1.225000 0.000000
1.395192 0.000000
1.750000 0.000000
1.920192 0.000000
0.001923 0.000000
0.172115 0.000000
0.526923 0.000000
0.697115 0.000000
0.522115 0.000000
0.692308 0.000000
1.047115 0.000000
1.217308 0.000000
0.268269 0.000000
0.438462 0.000000
0.793269 0.000000
0.963462 0.000000
0.788462 0.000001
0.958654 0.000112
1.313462 0.000000
1.483654 0.000000
0.144231 0.000000
0.314423 0.000000
0.669231 0.000000
0.839423 0.000000
0.664423 0.000000
0.834615 0.000000
1.189423 0.000000
1.359615 0.000000
0.410577 0.000000
0.580769 0.000000
0.935577 0.000000
1.105769 0.000000
0.930769 0.000000
1.100962 0.000000
1.455769 0.000000
1.625962 0.000000
0.250962 0.000000
0.421154 0.000000
0.775962 0.000000
0.946154 0.000000
0.771154 0.000000
0.941346 0.000000
1.296154 0.000000
1.466346 0.000000
0.517308 0.000000
0.687500 0.000000
1.042308 0.000000
1.212500 0.000000
1.037500 0.000000
1.207692 0.000024
1.562500 0.000000
1.732692 0.000000
0.393269 0.000000
0.563462 0.000000
0.918269 0.000000
1.088462 0.000000
0.913462 0.000000
1.083654 0.000000
1.438462 0.000000
1.608654 0.000000
0.659615 0.000000
0.829808 0.000000
1.184615 0.000000
1.354808 0.000000
1.179808 0.000000
1.350000 0.000000
1.704808 0.000000
1.875000 0.000000
0.027885 0.000000
0.198077 0.000000
0.552885 0.000000
0.723077 0.000000
0.548077 0.000000
0.718269 0.000000
1.073077 0.000000
1.243269 0.000000
0.294231 0.000000
0.464423 0.000000
0.819231 0.000000
0.989423 0.000000
0.814423 0.000000
0.984615 0.000001
1.339423 0.000000
1.509615 0.000000
0.170192 0.000000
0.340385 0.000000
0.695192 0.000000
0.865385 0.000000
0.690385 0.000000
0.860577 0.000000
1.215385 0.000000
1.385577 0.000000
0.436538 0.000000
0.606731 0.000000
0.961538 0.000000
1.131731 0.000000
0.956731 0.000000
1.126923 0.000000
1.481731 0.000000
1.651923 0.000000
0.276923 0.000000
0.447115 0.000000
0.801923 0.000000
0.972115 0.000000
0.797115 0.000000
0.967308 0.000000
1.322115 0.000000
1.492308 0.000000
0.543269 0.000000
0.713462 0.000000
1.068269 0.000000
1.238462 0.000000
1.063462 0.000000
1.233654 0.000000
1.588462 0.000000
1.758654 0.000000
0.419231 0.000000
0.589423 0.000000
0.944231 0.000000
1.114423 0.000000
0.939423 0.000000
1.109615 0.000000
1.464423 0.000000
1.634615 0.000000
0.685577 0.000000
0.855769 0.000000
1.210577 0.000000
1.380769 0.000000
1.205769 0.000000
1.375962 0.000000
1.730769 0.000000
1.900962 0.000000
0.010577 0.000000
0.180769 0.000000
0.535577 0.000000
0.705769 0.000000
0.530769 0.000000
0.700962 0.000000
1.055769 0.000000
1.225962 0.000000
0.276923 0.000000
0.447115 0.000000
0.801923 0.000000
0.972115 0.000000
0.797115 0.000000
0.967308 0.000000
1.322115 0.000000
1.492308 0.000000
0.152885 0.000000
0.323077 0.000000
0.677885 0.000000
0.848077 0.000000
0.673077 0.000000
0.843269 0.000000
1.198077 0.000000
1.368269 0.000000
0.419231 0.000000
0.589423 0.000000
0.944231 0.000000
1.114423 0.000000
0.939423 0.000000
1.109615 0.000000
1.464423 0.000000
1.634615 0.000000
0.259615 0.000000
0.429808 0.000000
0.784615 0.000000
0.954808 0.000000
0.779808 0.000000
0.950000 0.000000
1.304808 0.000000
1.475000 0.000000
0.525962 0.000000
0.696154 0.000000
1.050962 0.000000
1.221154 0.000000
1.046154 0.000000
1.216346 0.000000
1.571154 0.000000
1.741346 0.000000
0.401923 0.000000
0.572115 0.000000
0.926923 0.000000
1.097115 0.000000
0.922115 0.000000
1.092308 0.000000
1.447115 0.000000
1.617308 0.000000
0.668269 0.000000
0.838462 0.000000
1.193269 0.000000
1.363462 0.000000
1.188462 0.000000
1.358654 0.000000
1.713462 0.000000
1.883654 0.000000
0.036538 0.000000
0.206731 0.000000
0.561538 0.000000
0.731731 0.000000
0.556731 0.000000
0.726923 0.000000
1.081731 0.000000
1.251923 0.000000
0.302885 0.000000
0.473077 0.000000
0.827885 0.000000
0.998077 0.000000
0.823077 0.000000
0.993269 0.000000
1.348077 0.000000
1.518269 0.000000
0.178846 0.000000
0.349038 0.000000
0.703846 0.000000
0.874038 0.000000
0.699038 0.000000
0.869231 0.000000
1.224038 0.000000
1.394231 0.000000
0.445192 0.000000
0.615385 0.000000
0.970192 0.000000
1.140385 0.000000
0.965385 0.000000
1.135577 0.000000
1.490385 0.000000
1.660577 0.000000
0.285577 0.000000
0.455769 0.000000
0.810577 0.000000
0.980769 0.000000
0.805769 0.000000
0.975962 0.000000
1.330769 0.000000
1.500962 0.000000
0.551923 0.000000
0.722115 0.000000
1.076923 0.000000
1.247115 0.000000
1.072115 0.000000
1.242308 0.000000
1.597115 0.000000
1.767308 0.000000
0.427885 0.000000
0.598077 0.000000
0.952885 0.000000
1.123077 0.000000
0.948077 0.000000
1.118269 0.000000
1.473077 0.000000
1.643269 0.000000
0.694231 0.000000
0.864423 0.000000
1.219231 0.000000
1.389423 0.000000
1.214423 0.000000
1.384615 0.000000
1.739423 0.000000
1.909615 0.000000
0.014423 0.000000
0.184615 0.000000
0.539423 0.000000
0.709615 0.000000
0.534615 0.000000
0.704808 0.000000
1.059615 0.000000
1.229808 0.000000
0.280769 0.000000
0.450962 0.000000
0.805769 0.000000
0.975962 0.000000
0.800962 0.000000
0.971154 0.000000
1.325962 0.000000
1.496154 0.000000
0.156731 0.000000
0.326923 0.000000
0.681731 0.000000
0.851923 0.000000
0.676923 0.000000
0.847115 0.000000
1.201923 0.000000
1.372115 0.000000
0.423077 0.000000
0.593269 0.000000
0.948077 0.000000
1.118269 0.000000
0.943269 0.000000
1.113462 0.000000
1.468269 0.000000
1.638462 0.000000
0.263462 0.000000
0.433654 0.000000
0.788462 0.000000
0.958654 0.000000
0.783654 0.000000
0.953846 0.000000
1.308654 0.000000
1.478846 0.000000
0.529808 0.000000
0.700000 0.000000
1.054808 0.000000
1.225000 0.000000
1.050000 0.000000
1.220192 0.000000
1.575000 0.000000
1.745192 0.000000
0.405769 0.000000
0.575962 0.000000
0.930769 0.000000
1.100962 0.000000
0.925962 0.000000
1.096154 0.000000
1.450962 0.000000
1.621154 0.000000
0.672115 0.000000
0.842308 0.000000
1.197115 0.000000
1.367308 0.000000
1.192308 0.000000
1.362500 0.000000
1.717308 0.000000
1.887500 0.000000
0.040385 0.000000
0.210577 0.000000
0.565385 0.000000
0.735577 0.000000
0.560577 0.000000
0.730769 0.000000
1.085577 0.000000
1.255769 0.000000
0.306731 0.000000
0.476923 0.000000
0.831731 0.000000
1.001923 0.000000
0.826923 0.000000
0.997115 0.000000
1.351923 0.000000
1.522115 0.000000
0.182692 0.000000
0.352885 0.000000
0.707692 0.000000
0.877885 0.000000
0.702885 0.000000
0.873077 0.000000
1.227885 0.000000
1.398077 0.000000
0.449038 0.000000
0.619231 0.000000
0.974038 0.000000
1.144231 0.000000
0.969231 0.000000
1.139423 0.000000
1.494231 0.000000
1.664423 0.000000
0.289423 0.000000
0.459615 0.000000
0.814423 0.000000
0.984615 0.000000
0.809615 0.000000
0.979808 0.000000
1.334615 0.000000
1.504808 0.000000
0.555769 0.000000
0.725962 0.000000
1.080769 0.000000
1.250962 0.000000
1.075962 0.000000
1.246154 0.000000
1.600962 0.000000
1.771154 0.000000
0.431731 0.000000
0.601923 0.000000
0.956731 0.000000
1.126923 0.000000
0.951923 0.000000
1.122115 0.000000
1.476923 0.000000
1.647115 0.000000
0.698077 0.000000
0.868269 0.000000
1.223077 0.000000
1.393269 0.000000
1.218269 0.000000
1.388462 0.000000
1.743269 0.000000
1.913462 0.000000
0.023077 0.000000
0.193269 0.000000
0.548077 0.000000
0.718269 0.000000
0.543269 0.000000
0.713462 0.000000
1.068269 0.000000
1.238462 0.000000
0.289423 0.000000
0.459615 0.000000
0.814423 0.000000
0.984615 0.000000
0.809615 0.000000
0.979808 0.000000
1.334615 0.000000
1.504808 0.000000
0.165385 0.000000
0.335577 0.000000
0.690385 0.000000
0.860577 0.000000
0.685577 0.000000
0.855769 0.000000
1.210577 0.000000
1.380769 0.000000
0.431731 0.000000
0.601923 0.000000
0.956731 0.000000
1.126923 0.000000
0.951923 0.000000
1.122115 0.000000
1.476923 0.000000
1.647115 0.000000
0.272115 0.000000
0.442308 0.000000
0.797115 0.000000
0.967308 0.000000
0.792308 0.000000
0.962500 0.000000
1.317308 0.000000
1.487500 0.000000
0.538462 0.000000
0.708654 0.000000
1.063462 0.000000
1.233654 0.000000
1.058654 0.000000
1.228846 0.000000
1.583654 0.000000
1.753846 0.000000
0.414423 0.000000
0.584615 0.000000
0.939423 0.000000
1.109615 0.000000
0.934615 0.000000
1.104808 0.000000
1.459615 0.000000
1.629808 0.000000
0.680769 0.000000
0.850962 0.000000
1.205769 0.000000
1.375962 0.000000
1.200962 0.000000
1.371154 0.000000
1.725962 0.000000
1.896154 0.000000
0.049038 0.000000
0.219231 0.000000
0.574038 0.000000
0.744231 0.000000
0.569231 0.000000
0.739423 0.000000
1.094231 0.000000
1.264423 0.000000
0.315385 0.000000
0.485577 0.000000
0.840385 0.000000
1.010577 0.000000
0.835577 0.000000
1.005769 0.000000
1.360577 0.000000
1.530769 0.000000
0.191346 0.000000
0.361538 0.000000
0.716346 0.000000
0.886538 0.000000
0.711538 0.000000
0.881731 0.000000
1.236538 0.000000
1.406731 0.000000
0.457692 0.000000
0.627885 0.000000
0.982692 0.000000
1.152885 0.000000
0.977885 0.000000
1.148077 0.000000
1.502885 0.000000
1.673077 0.000000
0.298077 0.000000
0.468269 0.000000
0.823077 0.000000
0.993269 0.000000
0.818269 0.000000
0.988462 0.000000
1.343269 0.000000
1.513462 0.000000
0.564423 0.000000
0.734615 0.000000
1.089423 0.000000
1.259615 0.000000
1.084615 0.000000
1.254808 0.000000
1.609615 0.000000
1.779808 0.000000
0.440385 0.000000
0.610577 0.000000
0.965385 0.000000
1.135577 0.000000
0.960577 0.000000
1.130769 0.000000
1.485577 0.000000
1.655769 0.000000
0.706731 0.000000
0.876923 0.000000
1.231731 0.000000
1.401923 0.000000
1.226923 0.000000
1.397115 0.000000
1.751923 0.000000
1.922115 0.000000
