0.000000 0.000000
0.034483 0.000081
0.049569 0.000000
0.084052 0.000002
0.563578 0.000000
0.598060 0.000140
0.613147 0.000000
0.647629 0.002584
0.596983 0.000001
0.631466 0.000909
0.646552 0.000064
0.681034 0.410522
1.160560 0.000001
1.195043 0.000108
1.210129 0.000000
1.244612 0.000001
0.558190 0.000000
0.592672 0.000021
0.607759 0.000001
0.642241 0.007935
1.121767 0.000000
1.156250 0.000011
1.171336 0.000000
1.205819 0.000070
1.155172 0.000000
1.189655 0.000002
1.204741 0.000000
1.239224 0.000000
1.718750 0.000000
1.753233 0.000014
1.768319 0.000000
1.802802 0.000055
0.278017 0.000000
0.312500 0.000046
0.327586 0.000000
0.362069 0.000001
0.841595 0.000000
0.876078 0.000080
0.891164 0.000000
0.925647 0.001471
0.875000 0.000001
0.909483 0.000518
0.924569 0.000036
0.959052 0.233784
1.438578 0.000000
1.473060 0.000061
1.488147 0.000000
1.522629 0.000000
0.836207 0.000000
0.870690 0.000012
0.885776 0.000001
0.920259 0.004519
1.399784 0.000000
1.434267 0.000006
1.449353 0.000000
1.483836 0.000040
1.433190 0.000000
1.467672 0.000001
1.482759 0.000000
1.517241 0.000000
1.996767 0.000000
2.031250 0.000008
2.046336 0.000000
2.080819 0.000031
0.318966 0.000000
0.353448 0.000041
0.368534 0.000000
0.403017 0.000001
0.882543 0.000000
0.917026 0.000071
0.932112 0.000000
0.966595 0.001310
0.915948 0.000001
0.950431 0.000461
0.965517 0.000032
1.000000 0.208162
1.479526 0.000000
1.514009 0.000055
1.529095 0.000000
1.563578 0.000000
0.877155 0.000000
0.911638 0.000010
0.926724 0.000001
0.961207 0.004023
1.440733 0.000000
1.475216 0.000006
1.490302 0.000000
1.524784 0.000036
1.474138 0.000000
1.508621 0.000001
1.523707 0.000000
1.558190 0.000000
2.037716 0.000000
2.072198 0.000007
2.087284 0.000000
2.121767 0.000028
0.596983 0.000000
0.631466 0.000023
0.646552 0.000000
0.681034 0.000001
1.160560 0.000000
1.195043 0.000040
1.210129 0.000000
1.244612 0.000746
1.193966 0.000000
1.228448 0.000262
1.243534 0.000018
1.278017 0.118544
1.757543 0.000000
1.792026 0.000031
1.807112 0.000000
1.841595 0.000000
1.155172 0.000000
1.189655 0.000006
1.204741 0.000000
1.239224 0.002291
1.718750 0.000000
1.753233 0.000003
1.768319 0.000000
1.802802 0.000020
1.752155 0.000000
1.786638 0.000001
1.801724 0.000000
1.836207 0.000000
2.315733 0.000000
2.350216 0.000004
2.365302 0.000000
2.399784 0.000016
0.285560 0.000000
0.320043 0.000000
0.335129 0.000000
0.369612 0.000000
0.849138 0.000000
0.883621 0.000000
0.898707 0.000000
0.933190 0.000002
0.882543 0.000000
0.917026 0.000001
0.932112 0.000002
0.966595 0.000247
1.446121 0.000000
1.480603 0.000000
1.495690 0.000000
1.530172 0.000000
0.843750 0.000000
0.878233 0.000000
0.893319 0.000000
0.927802 0.000005
1.407328 0.000000
1.441810 0.000000
1.456897 0.000000
1.491379 0.000000
1.440733 0.000000
1.475216 0.000000
1.490302 0.000000
1.524784 0.000000
2.004310 0.000000
2.038793 0.000000
2.053879 0.000000
2.088362 0.000000
0.563578 0.000000
0.598060 0.000000
0.613147 0.000000
0.647629 0.000000
1.127155 0.000000
1.161638 0.000000
1.176724 0.000000
1.211207 0.000001
1.160560 0.000000
1.195043 0.000000
1.210129 0.000001
1.244612 0.000141
1.724138 0.000000
1.758621 0.000000
1.773707 0.000000
1.808190 0.000000
1.121767 0.000000
1.156250 0.000000
1.171336 0.000000
1.205819 0.000003
1.685345 0.000000
1.719828 0.000000
1.734914 0.000000
1.769397 0.000000
1.718750 0.000000
1.753233 0.000000
1.768319 0.000000
1.802802 0.000000
2.282328 0.000000
2.316810 0.000000
2.331897 0.000000
2.366379 0.000000
0.604526 0.000000
0.639009 0.000000
0.654095 0.000000
0.688578 0.000000
1.168103 0.000000
1.202586 0.000000
1.217672 0.000000
1.252155 0.000001
1.201509 0.000000
1.235991 0.000000
1.251078 0.000001
1.285560 0.000125
1.765086 0.000000
1.799569 0.000000
1.814655 0.000000
1.849138 0.000000
1.162716 0.000000
1.197198 0.000000
1.212284 0.000000
1.246767 0.000002
1.726293 0.000000
1.760776 0.000000
1.775862 0.000000
1.810345 0.000000
1.759698 0.000000
1.794181 0.000000
1.809267 0.000000
1.843750 0.000000
2.323276 0.000000
2.357759 0.000000
2.372845 0.000000
2.407328 0.000000
0.882543 0.000000
0.917026 0.000000
0.932112 0.000000
0.966595 0.000000
1.446121 0.000000
1.480603 0.000000
1.495690 0.000000
1.530172 0.000000
1.479526 0.000000
1.514009 0.000000
1.529095 0.000001
1.563578 0.000071
2.043103 0.000000
2.077586 0.000000
2.092672 0.000000
2.127155 0.000000
1.440733 0.000000
1.475216 0.000000
1.490302 0.000000
1.524784 0.000001
2.004310 0.000000
2.038793 0.000000
2.053879 0.000000
2.088362 0.000000
2.037716 0.000000
2.072198 0.000000
2.087284 0.000000
2.121767 0.000000
2.601293 0.000000
2.635776 0.000000
2.650862 0.000000
2.685345 0.000000
