0.000000 0.001106
0.568930 0.000734
0.564815 0.002404
0.299383 0.001252
0.868313 0.002424
0.864198 0.005556
0.308642 0.003461
0.877572 0.000915
0.873457 0.003861
0.608025 0.008358
0.046296 0.001187
0.615226 0.002801
0.611111 0.005617
0.345679 0.003718
0.914609 0.007051
0.910494 0.010286
0.354938 0.002905
0.923868 0.004194
0.919753 0.010791
0.654321 0.011273
0.049383 0.006688
0.618313 0.000764
0.614198 0.001456
0.348765 0.010038
0.917695 0.001221
0.913580 0.005384
0.358025 0.014750
0.926955 0.002451
0.922840 0.001923
0.657407 0.056792
0.095679 0.008472
0.664609 0.001436
0.660494 0.006556
0.395062 0.009658
0.963992 0.005407
0.959877 0.018617
0.404321 0.022561
0.973251 0.002379
0.969136 0.008918
0.703704 0.066925
0.026749 0.002454
0.595679 0.003688
0.591564 0.004707
0.326132 0.008570
0.895062 0.007295
0.890947 0.006688
0.335391 0.003059
0.904321 0.006690
0.900206 0.010764
0.634774 0.026062
0.073045 0.010133
0.641975 0.006933
0.637860 0.005512
0.372428 0.026883
0.941358 0.010799
0.937243 0.005998
0.381687 0.014538
0.950617 0.014914
0.946502 0.015320
0.681070 0.100114
0.076132 0.003658
0.645062 0.003464
0.640947 0.010206
0.375514 0.004742
0.944444 0.010795
0.940329 0.022460
0.384774 0.011731
0.953704 0.004428
0.949588 0.017041
0.684156 0.027875
0.122428 0.005050
0.691358 0.012199
0.687243 0.022280
0.421811 0.017987
0.990741 0.029179
0.986626 0.038863
0.431070 0.010171
1.000000 0.019045
0.995885 0.044321
0.730453 0.051094
