0.000000 0.001514
0.568930 0.000248
0.564815 0.004057
0.299383 0.001797
0.868313 0.000976
0.864198 0.008055
0.308642 0.006448
0.877572 0.000169
0.873457 0.007030
0.608025 0.022071
0.046296 0.000701
0.615226 0.003867
0.611111 0.004943
0.345679 0.003008
0.914609 0.009033
0.910494 0.007573
0.354938 0.000946
0.923868 0.004280
0.919753 0.014372
0.654321 0.002565
0.049383 0.000300
0.618313 0.003052
0.614198 0.006128
0.348765 0.001293
0.917695 0.007600
0.913580 0.010098
0.358025 0.002350
0.926955 0.002730
0.922840 0.015684
0.657407 0.004619
0.095679 0.010906
0.664609 0.010843
0.660494 0.001885
0.395062 0.027938
0.963992 0.021227
0.959877 0.001672
0.404321 0.008810
0.973251 0.019424
0.969136 0.012241
0.703704 0.063430
0.026749 0.006537
0.595679 0.000176
0.591564 0.006982
0.326132 0.009989
0.895062 0.000329
0.890947 0.015338
0.335391 0.019092
0.904321 0.002006
0.900206 0.009292
0.634774 0.075359
0.073045 0.000996
0.641975 0.004192
0.637860 0.014459
0.372428 0.001134
0.941358 0.011450
0.937243 0.025484
0.381687 0.010055
0.950617 0.002650
0.946502 0.032525
0.681070 0.025154
0.076132 0.002452
0.645062 0.002654
0.640947 0.015734
0.375514 0.002162
0.944444 0.008105
0.940329 0.029190
0.384774 0.016115
0.953704 0.001097
0.949588 0.031815
0.684156 0.047395
0.122428 0.008532
0.691358 0.019311
0.687243 0.012503
0.421811 0.027524
0.990741 0.041781
0.986626 0.016528
0.431070 0.003064
1.000000 0.026814
0.995885 0.045763
0.730453 0.032383
