0.000000 0.002765
0.568930 0.002453
0.564815 0.000925
0.299383 0.009319
0.868313 0.003635
0.864198 0.000364
0.308642 0.002963
0.877572 0.004641
0.873457 0.003710
0.608025 0.033860
0.046296 0.000477
0.615226 0.002565
0.611111 0.006894
0.345679 0.005373
0.914609 0.009123
0.910494 0.007897
0.354938 0.002444
0.923868 0.002619
0.919753 0.014733
0.654321 0.008430
0.049383 0.005105
0.618313 0.004913
0.614198 0.002118
0.348765 0.018218
0.917695 0.007639
0.913580 0.000718
0.358025 0.005194
0.926955 0.009066
0.922840 0.008057
0.657407 0.064342
0.095679 0.000996
0.664609 0.004707
0.660494 0.014083
0.395062 0.009345
0.963992 0.017766
0.959877 0.017066
0.404321 0.005873
0.973251 0.004545
0.969136 0.029355
0.703704 0.013869
0.026749 0.001179
0.595679 0.003808
0.591564 0.005496
0.326132 0.010342
0.895062 0.009826
0.890947 0.004150
0.335391 0.000954
0.904321 0.005091
0.900206 0.013818
0.634774 0.023874
0.073045 0.006068
0.641975 0.000984
0.637860 0.013632
0.372428 0.001969
0.941358 0.009545
0.937243 0.028081
0.381687 0.022437
0.950617 0.000999
0.946502 0.021339
0.681070 0.025700
0.076132 0.001944
0.645062 0.007245
0.640947 0.011542
0.375514 0.018986
0.944444 0.019617
0.940329 0.009425
0.384774 0.002008
0.953704 0.009334
0.949588 0.028217
0.684156 0.041478
0.122428 0.013685
0.691358 0.001617
0.687243 0.026528
0.421811 0.004366
0.990741 0.017405
0.986626 0.057166
0.431070 0.048237
1.000000 0.002241
0.995885 0.040318
0.730453 0.061188
