0.000000 0.000022
0.568930 0.000525
0.564815 0.004851
0.299383 0.002660
0.868313 0.004048
0.864198 0.008881
0.308642 0.000754
0.877572 0.000274
0.873457 0.008686
0.608025 0.003918
0.046296 0.001792
0.615226 0.000041
0.611111 0.007649
0.345679 0.000426
0.914609 0.003655
0.910494 0.019883
0.354938 0.008030
0.923868 0.000316
0.919753 0.011471
0.654321 0.001288
0.049383 0.002449
0.618313 0.003917
0.614198 0.009003
0.348765 0.017096
0.917695 0.012708
0.913580 0.009624
0.358025 0.001489
0.926955 0.005109
0.922840 0.019666
0.657407 0.052491
0.095679 0.000312
0.664609 0.003418
0.660494 0.019865
0.395062 0.016314
0.963992 0.019275
0.959877 0.032033
0.404321 0.000789
0.973251 0.002729
0.969136 0.037532
0.703704 0.033102
0.026749 0.001168
0.595679 0.000140
0.591564 0.008251
0.326132 0.001036
0.895062 0.004582
0.890947 0.019805
0.335391 0.006254
0.904321 0.000100
0.900206 0.012938
0.634774 0.000332
0.073045 0.009564
0.641975 0.000600
0.637860 0.010252
0.372428 0.001360
0.941358 0.002108
0.937243 0.036715
0.381687 0.029995
0.950617 0.004386
0.946502 0.012459
0.681070 0.030198
0.076132 0.000844
0.645062 0.004329
0.640947 0.019848
0.375514 0.020122
0.944444 0.020991
0.940329 0.029514
0.384774 0.000202
0.953704 0.004055
0.949588 0.038715
0.684156 0.046470
0.122428 0.001704
0.691358 0.001830
0.687243 0.036270
0.421811 0.010532
0.990741 0.024758
0.986626 0.076768
0.431070 0.014874
1.000000 0.000287
0.995885 0.060688
0.730453 0.006867
