0.000000 0.000203
0.057491 0.000347
0.937282 0.001262
0.994774 0.013007
0.942509 0.065439
1.000000 0.853480
1.879791 0.015292
1.937282 0.000284
0.893728 0.001658
0.951220 0.026982
1.831010 0.000760
1.888502 0.000257
1.836237 0.000440
1.893728 0.005341
2.773519 0.000209
2.831010 0.000390
0.932056 0.000004
0.989547 0.000105
1.869338 0.000007
1.926829 0.000020
1.874564 0.000085
1.932056 0.001119
2.811847 0.000026
2.869338 0.000002
1.825784 0.000066
1.883275 0.000874
2.763066 0.000028
2.820557 0.000031
2.768293 0.000083
2.825784 0.001071
3.705575 0.000012
3.763066 0.000014
0.893728 0.000012
0.951220 0.000001
1.831010 0.000058
1.888502 0.000077
1.836237 0.003681
1.893728 0.006006
2.773519 0.000790
2.831010 0.000038
1.787456 0.000094
1.844948 0.000190
2.724739 0.000034
2.782230 0.000003
2.729965 0.000025
2.787456 0.000037
3.667247 0.000012
3.724739 0.000002
1.825784 0.000000
1.883275 0.000001
2.763066 0.000000
2.820557 0.000000
2.768293 0.000005
2.825784 0.000008
3.705575 0.000001
3.763066 0.000000
2.719512 0.000004
2.777003 0.000006
3.656794 0.000001
3.714286 0.000000
3.662021 0.000005
3.719512 0.000008
4.599303 0.000001
4.656794 0.000000
