0.000000 0.000022
0.568930 0.000525
0.564815 0.004851
0.299383 0.002659
0.868313 0.004048
0.864198 0.008883
0.308642 0.000754
0.877572 0.000274
0.873457 0.008686
0.608025 0.003915
0.046296 0.001792
0.615226 0.000041
0.611111 0.007649
0.345679 0.000425
0.914609 0.003654
0.910494 0.019885
0.354938 0.008033
0.923868 0.000317
0.919753 0.011470
0.654321 0.001290
0.049383 0.002448
0.618313 0.003916
0.614198 0.009004
0.348765 0.017096
0.917695 0.012708
0.913580 0.009628
0.358025 0.001488
0.926955 0.005108
0.922840 0.019669
0.657407 0.052483
0.095679 0.000312
0.664609 0.003417
0.660494 0.019867
0.395062 0.016311
0.963992 0.019274
0.959877 0.032041
0.404321 0.000790
0.973251 0.002727
0.969136 0.037534
0.703704 0.033086
0.026749 0.001169
0.595679 0.000140
0.591564 0.008251
0.326132 0.001036
0.895062 0.004581
0.890947 0.019807
0.335391 0.006256
0.904321 0.000100
0.900206 0.012936
0.634774 0.000332
0.073045 0.009566
0.641975 0.000600
0.637860 0.010251
0.372428 0.001361
0.941358 0.002106
0.937243 0.036716
0.381687 0.030003
0.950617 0.004389
0.946502 0.012455
0.681070 0.030218
0.076132 0.000844
0.645062 0.004328
0.640947 0.019850
0.375514 0.020119
0.944444 0.020990
0.940329 0.029522
0.384774 0.000202
0.953704 0.004053
0.949588 0.038718
0.684156 0.046452
0.122428 0.001705
0.691358 0.001828
0.687243 0.036272
0.421811 0.010527
0.990741 0.024753
0.986626 0.076780
0.431070 0.014882
1.000000 0.000286
0.995885 0.060685
0.730453 0.006852
