0.000000 0.000000
0.040889 0.000001
0.043556 0.000000
0.084444 0.000084
0.014222 0.000000
0.055111 0.000000
0.057778 0.000000
0.098667 0.000876
0.138667 0.000000
0.179556 0.000003
0.182222 0.000000
0.223111 0.000818
0.152889 0.000000
0.193778 0.000012
0.196444 0.000000
0.237333 0.056462
0.251556 0.000000
0.292444 0.000000
0.295111 0.000000
0.336000 0.000003
0.265778 0.000000
0.306667 0.000000
0.309333 0.000000
0.350222 0.000580
0.390222 0.000000
0.431111 0.000000
0.433778 0.000000
0.474667 0.000007
0.404444 0.000000
0.445333 0.000000
0.448000 0.000000
0.488889 0.000232
0.267556 0.000000
0.308444 0.000001
0.311111 0.000000
0.352000 0.000152
0.281778 0.000000
0.322667 0.000000
0.325333 0.000000
0.366222 0.001575
0.406222 0.000000
0.447111 0.000005
0.449778 0.000000
0.490667 0.001471
0.420444 0.000000
0.461333 0.000021
0.464000 0.000000
0.504889 0.101522
0.519111 0.000000
0.560000 0.000000
0.562667 0.000000
0.603556 0.000005
0.533333 0.000000
0.574222 0.000000
0.576889 0.000000
0.617778 0.001043
0.657778 0.000000
0.698667 0.000000
0.701333 0.000000
0.742222 0.000012
0.672000 0.000000
0.712889 0.000000
0.715556 0.000000
0.756444 0.000417
0.474667 0.000000
0.515556 0.000001
0.518222 0.000000
0.559111 0.000088
0.488889 0.000000
0.529778 0.000000
0.532444 0.000000
0.573333 0.000918
0.613333 0.000000
0.654222 0.000003
0.656889 0.000000
0.697778 0.000857
0.627556 0.000000
0.668444 0.000012
0.671111 0.000000
0.712000 0.059181
0.726222 0.000000
0.767111 0.000000
0.769778 0.000000
0.810667 0.000003
0.740444 0.000000
0.781333 0.000000
0.784000 0.000000
0.824889 0.000608
0.864889 0.000000
0.905778 0.000000
0.908444 0.000000
0.949333 0.000007
0.879111 0.000000
0.920000 0.000000
0.922667 0.000000
0.963556 0.000243
0.742222 0.000000
0.783111 0.000001
0.785778 0.000000
0.826667 0.000159
0.756444 0.000000
0.797333 0.000000
0.800000 0.000000
0.840889 0.001650
0.880889 0.000000
0.921778 0.000006
0.924444 0.000000
0.965333 0.001542
0.895111 0.000000
0.936000 0.000022
0.938667 0.000000
0.979556 0.106411
0.993778 0.000000
1.034667 0.000000
1.037333 0.000000
1.078222 0.000005
1.008000 0.000000
1.048889 0.000000
1.051556 0.000000
1.092444 0.001093
1.132444 0.000000
1.173333 0.000000
1.176000 0.000000
1.216889 0.000013
1.146667 0.000000
1.187556 0.000000
1.190222 0.000000
1.231111 0.000437
0.471111 0.000000
0.512000 0.000000
0.514667 0.000000
0.555556 0.000061
0.485333 0.000000
0.526222 0.000000
0.528889 0.000000
0.569778 0.000629
0.609778 0.000000
0.650667 0.000002
0.653333 0.000000
0.694222 0.000588
0.624000 0.000000
0.664889 0.000009
0.667556 0.000000
0.708444 0.040581
0.722667 0.000000
0.763556 0.000000
0.766222 0.000000
0.807111 0.000002
0.736889 0.000000
0.777778 0.000000
0.780444 0.000000
0.821333 0.000417
0.861333 0.000000
0.902222 0.000000
0.904889 0.000000
0.945778 0.000005
0.875556 0.000000
0.916444 0.000000
0.919111 0.000000
0.960000 0.000167
0.738667 0.000000
0.779556 0.000001
0.782222 0.000000
0.823111 0.000109
0.752889 0.000000
0.793778 0.000000
0.796444 0.000000
0.837333 0.001132
0.877333 0.000000
0.918222 0.000004
0.920889 0.000000
0.961778 0.001057
0.891556 0.000000
0.932444 0.000015
0.935111 0.000000
0.976000 0.072967
0.990222 0.000000
1.031111 0.000000
1.033778 0.000000
1.074667 0.000004
1.004444 0.000000
1.045333 0.000000
1.048000 0.000000
1.088889 0.000750
1.128889 0.000000
1.169778 0.000000
1.172444 0.000000
1.213333 0.000009
1.143111 0.000000
1.184000 0.000000
1.186667 0.000000
1.227556 0.000299
0.945778 0.000000
0.986667 0.000000
0.989333 0.000000
1.030222 0.000064
0.960000 0.000000
1.000889 0.000000
1.003556 0.000000
1.044444 0.000660
1.084444 0.000000
1.125333 0.000002
1.128000 0.000000
1.168889 0.000616
1.098667 0.000000
1.139556 0.000009
1.142222 0.000000
1.183111 0.042535
1.197333 0.000000
1.238222 0.000000
1.240889 0.000000
1.281778 0.000002
1.211556 0.000000
1.252444 0.000000
1.255111 0.000000
1.296000 0.000437
1.336000 0.000000
1.376889 0.000000
1.379556 0.000000
1.420444 0.000005
1.350222 0.000000
1.391111 0.000000
1.393778 0.000000
1.434667 0.000175
1.213333 0.000000
1.254222 0.000001
1.256889 0.000000
1.297778 0.000114
1.227556 0.000000
1.268444 0.000000
1.271111 0.000000
1.312000 0.001186
1.352000 0.000000
1.392889 0.000004
1.395556 0.000000
1.436444 0.001108
1.366222 0.000000
1.407111 0.000016
1.409778 0.000000
1.450667 0.076481
1.464889 0.000000
1.505778 0.000000
1.508444 0.000000
1.549333 0.000004
1.479111 0.000000
1.520000 0.000000
1.522667 0.000000
1.563556 0.000786
1.603556 0.000000
1.644444 0.000000
1.647111 0.000000
1.688000 0.000009
1.617778 0.000000
1.658667 0.000000
1.661333 0.000000
1.702222 0.000314
0.020444 0.000000
0.061333 0.000000
0.064000 0.000000
0.104889 0.000047
0.034667 0.000000
0.075556 0.000000
0.078222 0.000000
0.119111 0.000490
0.159111 0.000000
0.200000 0.000002
0.202667 0.000000
0.243556 0.000458
0.173333 0.000000
0.214222 0.000007
0.216889 0.000000
0.257778 0.031614
0.272000 0.000000
0.312889 0.000000
0.315556 0.000000
0.356444 0.000002
0.286222 0.000000
0.327111 0.000000
0.329778 0.000000
0.370667 0.000325
0.410667 0.000000
0.451556 0.000000
0.454222 0.000000
0.495111 0.000004
0.424889 0.000000
0.465778 0.000000
0.468444 0.000000
0.509333 0.000130
0.288000 0.000000
0.328889 0.000001
0.331556 0.000000
0.372444 0.000085
0.302222 0.000000
0.343111 0.000000
0.345778 0.000000
0.386667 0.000882
0.426667 0.000000
0.467556 0.000003
0.470222 0.000000
0.511111 0.000824
0.440889 0.000000
0.481778 0.000012
0.484444 0.000000
0.525333 0.056845
0.539556 0.000000
0.580444 0.000000
0.583111 0.000000
0.624000 0.000003
0.553778 0.000000
0.594667 0.000000
0.597333 0.000000
0.638222 0.000584
0.678222 0.000000
0.719111 0.000000
0.721778 0.000000
0.762667 0.000007
0.692444 0.000000
0.733333 0.000000
0.736000 0.000000
0.776889 0.000233
0.495111 0.000000
0.536000 0.000000
0.538667 0.000000
0.579556 0.000050
0.509333 0.000000
0.550222 0.000000
0.552889 0.000000
0.593778 0.000514
0.633778 0.000000
0.674667 0.000002
0.677333 0.000000
0.718222 0.000480
0.648000 0.000000
0.688889 0.000007
0.691556 0.000000
0.732444 0.033137
0.746667 0.000000
0.787556 0.000000
0.790222 0.000000
0.831111 0.000002
0.760889 0.000000
0.801778 0.000000
0.804444 0.000000
0.845333 0.000340
0.885333 0.000000
0.926222 0.000000
0.928889 0.000000
0.969778 0.000004
0.899556 0.000000
0.940444 0.000000
0.943111 0.000000
0.984000 0.000136
0.762667 0.000000
0.803556 0.000001
0.806222 0.000000
0.847111 0.000089
0.776889 0.000000
0.817778 0.000000
0.820444 0.000000
0.861333 0.000924
0.901333 0.000000
0.942222 0.000003
0.944889 0.000000
0.985778 0.000863
0.915556 0.000000
0.956444 0.000013
0.959111 0.000000
1.000000 0.059582
1.014222 0.000000
1.055111 0.000000
1.057778 0.000000
1.098667 0.000003
1.028444 0.000000
1.069333 0.000000
1.072000 0.000000
1.112889 0.000612
1.152889 0.000000
1.193778 0.000000
1.196444 0.000000
1.237333 0.000007
1.167111 0.000000
1.208000 0.000000
1.210667 0.000000
1.251556 0.000245
0.491556 0.000000
0.532444 0.000000
0.535111 0.000000
0.576000 0.000034
0.505778 0.000000
0.546667 0.000000
0.549333 0.000000
0.590222 0.000352
0.630222 0.000000
0.671111 0.000001
0.673778 0.000000
0.714667 0.000329
0.644444 0.000000
0.685333 0.000005
0.688000 0.000000
0.728889 0.022722
0.743111 0.000000
0.784000 0.000000
0.786667 0.000000
0.827556 0.000001
0.757333 0.000000
0.798222 0.000000
0.800889 0.000000
0.841778 0.000233
0.881778 0.000000
0.922667 0.000000
0.925333 0.000000
0.966222 0.000003
0.896000 0.000000
0.936889 0.000000
0.939556 0.000000
0.980444 0.000093
0.759111 0.000000
0.800000 0.000000
0.802667 0.000000
0.843556 0.000061
0.773333 0.000000
0.814222 0.000000
0.816889 0.000000
0.857778 0.000634
0.897778 0.000000
0.938667 0.000002
0.941333 0.000000
0.982222 0.000592
0.912000 0.000000
0.952889 0.000009
0.955556 0.000000
0.996444 0.040856
1.010667 0.000000
1.051556 0.000000
1.054222 0.000000
1.095111 0.000002
1.024889 0.000000
1.065778 0.000000
1.068444 0.000000
1.109333 0.000420
1.149333 0.000000
1.190222 0.000000
1.192889 0.000000
1.233778 0.000005
1.163556 0.000000
1.204444 0.000000
1.207111 0.000000
1.248000 0.000168
0.966222 0.000000
1.007111 0.000000
1.009778 0.000000
1.050667 0.000036
0.980444 0.000000
1.021333 0.000000
1.024000 0.000000
1.064889 0.000369
1.104889 0.000000
1.145778 0.000001
1.148444 0.000000
1.189333 0.000345
1.119111 0.000000
1.160000 0.000005
1.162667 0.000000
1.203556 0.023816
1.217778 0.000000
1.258667 0.000000
1.261333 0.000000
1.302222 0.000001
1.232000 0.000000
1.272889 0.000000
1.275556 0.000000
1.316444 0.000245
1.356444 0.000000
1.397333 0.000000
1.400000 0.000000
1.440889 0.000003
1.370667 0.000000
1.411556 0.000000
1.414222 0.000000
1.455111 0.000098
1.233778 0.000000
1.274667 0.000000
1.277333 0.000000
1.318222 0.000064
1.248000 0.000000
1.288889 0.000000
1.291556 0.000000
1.332444 0.000664
1.372444 0.000000
1.413333 0.000002
1.416000 0.000000
1.456889 0.000620
1.386667 0.000000
1.427556 0.000009
1.430222 0.000000
1.471111 0.042823
1.485333 0.000000
1.526222 0.000000
1.528889 0.000000
1.569778 0.000002
1.499556 0.000000
1.540444 0.000000
1.543111 0.000000
1.584000 0.000440
1.624000 0.000000
1.664889 0.000000
1.667556 0.000000
1.708444 0.000005
1.638222 0.000000
1.679111 0.000000
1.681778 0.000000
1.722667 0.000176
0.118222 0.000000
0.159111 0.000000
0.161778 0.000000
0.202667 0.000009
0.132444 0.000000
0.173333 0.000000
0.176000 0.000000
0.216889 0.000088
0.256889 0.000000
0.297778 0.000000
0.300444 0.000000
0.341333 0.000083
0.271111 0.000000
0.312000 0.000001
0.314667 0.000000
0.355556 0.005698
0.369778 0.000000
0.410667 0.000000
0.413333 0.000000
0.454222 0.000000
0.384000 0.000000
0.424889 0.000000
0.427556 0.000000
0.468444 0.000059
0.508444 0.000000
0.549333 0.000000
0.552000 0.000000
0.592889 0.000001
0.522667 0.000000
0.563556 0.000000
0.566222 0.000000
0.607111 0.000023
0.385778 0.000000
0.426667 0.000000
0.429333 0.000000
0.470222 0.000015
0.400000 0.000000
0.440889 0.000000
0.443556 0.000000
0.484444 0.000159
0.524444 0.000000
0.565333 0.000001
0.568000 0.000000
0.608889 0.000148
0.538667 0.000000
0.579556 0.000002
0.582222 0.000000
0.623111 0.010245
0.637333 0.000000
0.678222 0.000000
0.680889 0.000000
0.721778 0.000000
0.651556 0.000000
0.692444 0.000000
0.695111 0.000000
0.736000 0.000105
0.776000 0.000000
0.816889 0.000000
0.819556 0.000000
0.860444 0.000001
0.790222 0.000000
0.831111 0.000000
0.833778 0.000000
0.874667 0.000042
0.592889 0.000000
0.633778 0.000000
0.636444 0.000000
0.677333 0.000009
0.607111 0.000000
0.648000 0.000000
0.650667 0.000000
0.691556 0.000093
0.731556 0.000000
0.772444 0.000000
0.775111 0.000000
0.816000 0.000087
0.745778 0.000000
0.786667 0.000001
0.789333 0.000000
0.830222 0.005972
0.844444 0.000000
0.885333 0.000000
0.888000 0.000000
0.928889 0.000000
0.858667 0.000000
0.899556 0.000000
0.902222 0.000000
0.943111 0.000061
0.983111 0.000000
1.024000 0.000000
1.026667 0.000000
1.067556 0.000001
0.997333 0.000000
1.038222 0.000000
1.040889 0.000000
1.081778 0.000025
0.860444 0.000000
0.901333 0.000000
0.904000 0.000000
0.944889 0.000016
0.874667 0.000000
0.915556 0.000000
0.918222 0.000000
0.959111 0.000167
0.999111 0.000000
1.040000 0.000001
1.042667 0.000000
1.083556 0.000156
1.013333 0.000000
1.054222 0.000002
1.056889 0.000000
1.097778 0.010739
1.112000 0.000000
1.152889 0.000000
1.155556 0.000000
1.196444 0.000001
1.126222 0.000000
1.167111 0.000000
1.169778 0.000000
1.210667 0.000110
1.250667 0.000000
1.291556 0.000000
1.294222 0.000000
1.335111 0.000001
1.264889 0.000000
1.305778 0.000000
1.308444 0.000000
1.349333 0.000044
0.589333 0.000000
0.630222 0.000000
0.632889 0.000000
0.673778 0.000006
0.603556 0.000000
0.644444 0.000000
0.647111 0.000000
0.688000 0.000064
0.728000 0.000000
0.768889 0.000000
0.771556 0.000000
0.812444 0.000059
0.742222 0.000000
0.783111 0.000001
0.785778 0.000000
0.826667 0.004095
0.840889 0.000000
0.881778 0.000000
0.884444 0.000000
0.925333 0.000000
0.855111 0.000000
0.896000 0.000000
0.898667 0.000000
0.939556 0.000042
0.979556 0.000000
1.020444 0.000000
1.023111 0.000000
1.064000 0.000000
0.993778 0.000000
1.034667 0.000000
1.037333 0.000000
1.078222 0.000017
0.856889 0.000000
0.897778 0.000000
0.900444 0.000000
0.941333 0.000011
0.871111 0.000000
0.912000 0.000000
0.914667 0.000000
0.955556 0.000114
0.995556 0.000000
1.036444 0.000000
1.039111 0.000000
1.080000 0.000107
1.009778 0.000000
1.050667 0.000002
1.053333 0.000000
1.094222 0.007364
1.108444 0.000000
1.149333 0.000000
1.152000 0.000000
1.192889 0.000000
1.122667 0.000000
1.163556 0.000000
1.166222 0.000000
1.207111 0.000076
1.247111 0.000000
1.288000 0.000000
1.290667 0.000000
1.331556 0.000001
1.261333 0.000000
1.302222 0.000000
1.304889 0.000000
1.345778 0.000030
1.064000 0.000000
1.104889 0.000000
1.107556 0.000000
1.148444 0.000006
1.078222 0.000000
1.119111 0.000000
1.121778 0.000000
1.162667 0.000067
1.202667 0.000000
1.243556 0.000000
1.246222 0.000000
1.287111 0.000062
1.216889 0.000000
1.257778 0.000001
1.260444 0.000000
1.301333 0.004292
1.315556 0.000000
1.356444 0.000000
1.359111 0.000000
1.400000 0.000000
1.329778 0.000000
1.370667 0.000000
1.373333 0.000000
1.414222 0.000044
1.454222 0.000000
1.495111 0.000000
1.497778 0.000000
1.538667 0.000001
1.468444 0.000000
1.509333 0.000000
1.512000 0.000000
1.552889 0.000018
1.331556 0.000000
1.372444 0.000000
1.375111 0.000000
1.416000 0.000012
1.345778 0.000000
1.386667 0.000000
1.389333 0.000000
1.430222 0.000120
1.470222 0.000000
1.511111 0.000000
1.513778 0.000000
1.554667 0.000112
1.484444 0.000000
1.525333 0.000002
1.528000 0.000000
1.568889 0.007718
1.583111 0.000000
1.624000 0.000000
1.626667 0.000000
1.667556 0.000000
1.597333 0.000000
1.638222 0.000000
1.640889 0.000000
1.681778 0.000079
1.721778 0.000000
1.762667 0.000000
1.765333 0.000000
1.806222 0.000001
1.736000 0.000000
1.776889 0.000000
1.779556 0.000000
1.820444 0.000032
0.138667 0.000000
0.179556 0.000000
0.182222 0.000000
0.223111 0.000005
0.152889 0.000000
0.193778 0.000000
0.196444 0.000000
0.237333 0.000049
0.277333 0.000000
0.318222 0.000000
0.320889 0.000000
0.361778 0.000046
0.291556 0.000000
0.332444 0.000001
0.335111 0.000000
0.376000 0.003190
0.390222 0.000000
0.431111 0.000000
0.433778 0.000000
0.474667 0.000000
0.404444 0.000000
0.445333 0.000000
0.448000 0.000000
0.488889 0.000033
0.528889 0.000000
0.569778 0.000000
0.572444 0.000000
0.613333 0.000000
0.543111 0.000000
0.584000 0.000000
0.586667 0.000000
0.627556 0.000013
0.406222 0.000000
0.447111 0.000000
0.449778 0.000000
0.490667 0.000009
0.420444 0.000000
0.461333 0.000000
0.464000 0.000000
0.504889 0.000089
0.544889 0.000000
0.585778 0.000000
0.588444 0.000000
0.629333 0.000083
0.559111 0.000000
0.600000 0.000001
0.602667 0.000000
0.643556 0.005737
0.657778 0.000000
0.698667 0.000000
0.701333 0.000000
0.742222 0.000000
0.672000 0.000000
0.712889 0.000000
0.715556 0.000000
0.756444 0.000059
0.796444 0.000000
0.837333 0.000000
0.840000 0.000000
0.880889 0.000001
0.810667 0.000000
0.851556 0.000000
0.854222 0.000000
0.895111 0.000024
0.613333 0.000000
0.654222 0.000000
0.656889 0.000000
0.697778 0.000005
0.627556 0.000000
0.668444 0.000000
0.671111 0.000000
0.712000 0.000052
0.752000 0.000000
0.792889 0.000000
0.795556 0.000000
0.836444 0.000048
0.766222 0.000000
0.807111 0.000001
0.809778 0.000000
0.850667 0.003344
0.864889 0.000000
0.905778 0.000000
0.908444 0.000000
0.949333 0.000000
0.879111 0.000000
0.920000 0.000000
0.922667 0.000000
0.963556 0.000034
1.003556 0.000000
1.044444 0.000000
1.047111 0.000000
1.088000 0.000000
1.017778 0.000000
1.058667 0.000000
1.061333 0.000000
1.102222 0.000014
0.880889 0.000000
0.921778 0.000000
0.924444 0.000000
0.965333 0.000009
0.895111 0.000000
0.936000 0.000000
0.938667 0.000000
0.979556 0.000093
1.019556 0.000000
1.060444 0.000000
1.063111 0.000000
1.104000 0.000087
1.033778 0.000000
1.074667 0.000001
1.077333 0.000000
1.118222 0.006013
1.132444 0.000000
1.173333 0.000000
1.176000 0.000000
1.216889 0.000000
1.146667 0.000000
1.187556 0.000000
1.190222 0.000000
1.231111 0.000062
1.271111 0.000000
1.312000 0.000000
1.314667 0.000000
1.355556 0.000001
1.285333 0.000000
1.326222 0.000000
1.328889 0.000000
1.369778 0.000025
0.609778 0.000000
0.650667 0.000000
0.653333 0.000000
0.694222 0.000003
0.624000 0.000000
0.664889 0.000000
0.667556 0.000000
0.708444 0.000036
0.748444 0.000000
0.789333 0.000000
0.792000 0.000000
0.832889 0.000033
0.762667 0.000000
0.803556 0.000000
0.806222 0.000000
0.847111 0.002293
0.861333 0.000000
0.902222 0.000000
0.904889 0.000000
0.945778 0.000000
0.875556 0.000000
0.916444 0.000000
0.919111 0.000000
0.960000 0.000024
1.000000 0.000000
1.040889 0.000000
1.043556 0.000000
1.084444 0.000000
1.014222 0.000000
1.055111 0.000000
1.057778 0.000000
1.098667 0.000009
0.877333 0.000000
0.918222 0.000000
0.920889 0.000000
0.961778 0.000006
0.891556 0.000000
0.932444 0.000000
0.935111 0.000000
0.976000 0.000064
1.016000 0.000000
1.056889 0.000000
1.059556 0.000000
1.100444 0.000060
1.030222 0.000000
1.071111 0.000001
1.073778 0.000000
1.114667 0.004123
1.128889 0.000000
1.169778 0.000000
1.172444 0.000000
1.213333 0.000000
1.143111 0.000000
1.184000 0.000000
1.186667 0.000000
1.227556 0.000042
1.267556 0.000000
1.308444 0.000000
1.311111 0.000000
1.352000 0.000000
1.281778 0.000000
1.322667 0.000000
1.325333 0.000000
1.366222 0.000017
1.084444 0.000000
1.125333 0.000000
1.128000 0.000000
1.168889 0.000004
1.098667 0.000000
1.139556 0.000000
1.142222 0.000000
1.183111 0.000037
1.223111 0.000000
1.264000 0.000000
1.266667 0.000000
1.307556 0.000035
1.237333 0.000000
1.278222 0.000001
1.280889 0.000000
1.321778 0.002403
1.336000 0.000000
1.376889 0.000000
1.379556 0.000000
1.420444 0.000000
1.350222 0.000000
1.391111 0.000000
1.393778 0.000000
1.434667 0.000025
1.474667 0.000000
1.515556 0.000000
1.518222 0.000000
1.559111 0.000000
1.488889 0.000000
1.529778 0.000000
1.532444 0.000000
1.573333 0.000010
1.352000 0.000000
1.392889 0.000000
1.395556 0.000000
1.436444 0.000006
1.366222 0.000000
1.407111 0.000000
1.409778 0.000000
1.450667 0.000067
1.490667 0.000000
1.531556 0.000000
1.534222 0.000000
1.575111 0.000063
1.504889 0.000000
1.545778 0.000001
1.548444 0.000000
1.589333 0.004322
1.603556 0.000000
1.644444 0.000000
1.647111 0.000000
1.688000 0.000000
1.617778 0.000000
1.658667 0.000000
1.661333 0.000000
1.702222 0.000044
1.742222 0.000000
1.783111 0.000000
1.785778 0.000000
1.826667 0.000001
1.756444 0.000000
1.797333 0.000000
1.800000 0.000000
1.840889 0.000018
0.001778 0.000000
0.042667 0.000000
0.045333 0.000000
0.086222 0.000000
0.016000 0.000000
0.056889 0.000000
0.059556 0.000000
0.100444 0.000001
0.140444 0.000000
0.181333 0.000000
0.184000 0.000000
0.224889 0.000001
0.154667 0.000000
0.195556 0.000000
0.198222 0.000000
0.239111 0.000038
0.253333 0.000000
0.294222 0.000000
0.296889 0.000000
0.337778 0.000000
0.267556 0.000000
0.308444 0.000000
0.311111 0.000000
0.352000 0.000000
0.392000 0.000000
0.432889 0.000000
0.435556 0.000000
0.476444 0.000000
0.406222 0.000000
0.447111 0.000000
0.449778 0.000000
0.490667 0.000000
0.269333 0.000000
0.310222 0.000000
0.312889 0.000000
0.353778 0.000000
0.283556 0.000000
0.324444 0.000000
0.327111 0.000000
0.368000 0.000001
0.408000 0.000000
0.448889 0.000000
0.451556 0.000000
0.492444 0.000001
0.422222 0.000000
0.463111 0.000000
0.465778 0.000000
0.506667 0.000069
0.520889 0.000000
0.561778 0.000000
0.564444 0.000000
0.605333 0.000000
0.535111 0.000000
0.576000 0.000000
0.578667 0.000000
0.619556 0.000001
0.659556 0.000000
0.700444 0.000000
0.703111 0.000000
0.744000 0.000000
0.673778 0.000000
0.714667 0.000000
0.717333 0.000000
0.758222 0.000000
0.476444 0.000000
0.517333 0.000000
0.520000 0.000000
0.560889 0.000000
0.490667 0.000000
0.531556 0.000000
0.534222 0.000000
0.575111 0.000001
0.615111 0.000000
0.656000 0.000000
0.658667 0.000000
0.699556 0.000001
0.629333 0.000000
0.670222 0.000000
0.672889 0.000000
0.713778 0.000040
0.728000 0.000000
0.768889 0.000000
0.771556 0.000000
0.812444 0.000000
0.742222 0.000000
0.783111 0.000000
0.785778 0.000000
0.826667 0.000000
0.866667 0.000000
0.907556 0.000000
0.910222 0.000000
0.951111 0.000000
0.880889 0.000000
0.921778 0.000000
0.924444 0.000000
0.965333 0.000000
0.744000 0.000000
0.784889 0.000000
0.787556 0.000000
0.828444 0.000000
0.758222 0.000000
0.799111 0.000000
0.801778 0.000000
0.842667 0.000001
0.882667 0.000000
0.923556 0.000000
0.926222 0.000000
0.967111 0.000001
0.896889 0.000000
0.937778 0.000000
0.940444 0.000000
0.981333 0.000072
0.995556 0.000000
1.036444 0.000000
1.039111 0.000000
1.080000 0.000000
1.009778 0.000000
1.050667 0.000000
1.053333 0.000000
1.094222 0.000001
1.134222 0.000000
1.175111 0.000000
1.177778 0.000000
1.218667 0.000000
1.148444 0.000000
1.189333 0.000000
1.192000 0.000000
1.232889 0.000000
0.472889 0.000000
0.513778 0.000000
0.516444 0.000000
0.557333 0.000000
0.487111 0.000000
0.528000 0.000000
0.530667 0.000000
0.571556 0.000000
0.611556 0.000000
0.652444 0.000000
0.655111 0.000000
0.696000 0.000000
0.625778 0.000000
0.666667 0.000000
0.669333 0.000000
0.710222 0.000027
0.724444 0.000000
0.765333 0.000000
0.768000 0.000000
0.808889 0.000000
0.738667 0.000000
0.779556 0.000000
0.782222 0.000000
0.823111 0.000000
0.863111 0.000000
0.904000 0.000000
0.906667 0.000000
0.947556 0.000000
0.877333 0.000000
0.918222 0.000000
0.920889 0.000000
0.961778 0.000000
0.740444 0.000000
0.781333 0.000000
0.784000 0.000000
0.824889 0.000000
0.754667 0.000000
0.795556 0.000000
0.798222 0.000000
0.839111 0.000001
0.879111 0.000000
0.920000 0.000000
0.922667 0.000000
0.963556 0.000001
0.893333 0.000000
0.934222 0.000000
0.936889 0.000000
0.977778 0.000049
0.992000 0.000000
1.032889 0.000000
1.035556 0.000000
1.076444 0.000000
1.006222 0.000000
1.047111 0.000000
1.049778 0.000000
1.090667 0.000001
1.130667 0.000000
1.171556 0.000000
1.174222 0.000000
1.215111 0.000000
1.144889 0.000000
1.185778 0.000000
1.188444 0.000000
1.229333 0.000000
0.947556 0.000000
0.988444 0.000000
0.991111 0.000000
1.032000 0.000000
0.961778 0.000000
1.002667 0.000000
1.005333 0.000000
1.046222 0.000000
1.086222 0.000000
1.127111 0.000000
1.129778 0.000000
1.170667 0.000000
1.100444 0.000000
1.141333 0.000000
1.144000 0.000000
1.184889 0.000029
1.199111 0.000000
1.240000 0.000000
1.242667 0.000000
1.283556 0.000000
1.213333 0.000000
1.254222 0.000000
1.256889 0.000000
1.297778 0.000000
1.337778 0.000000
1.378667 0.000000
1.381333 0.000000
1.422222 0.000000
1.352000 0.000000
1.392889 0.000000
1.395556 0.000000
1.436444 0.000000
1.215111 0.000000
1.256000 0.000000
1.258667 0.000000
1.299556 0.000000
1.229333 0.000000
1.270222 0.000000
1.272889 0.000000
1.313778 0.000001
1.353778 0.000000
1.394667 0.000000
1.397333 0.000000
1.438222 0.000001
1.368000 0.000000
1.408889 0.000000
1.411556 0.000000
1.452444 0.000052
1.466667 0.000000
1.507556 0.000000
1.510222 0.000000
1.551111 0.000000
1.480889 0.000000
1.521778 0.000000
1.524444 0.000000
1.565333 0.000001
1.605333 0.000000
1.646222 0.000000
1.648889 0.000000
1.689778 0.000000
1.619556 0.000000
1.660444 0.000000
1.663111 0.000000
1.704000 0.000000
0.022222 0.000000
0.063111 0.000000
0.065778 0.000000
0.106667 0.000000
0.036444 0.000000
0.077333 0.000000
0.080000 0.000000
0.120889 0.000000
0.160889 0.000000
0.201778 0.000000
0.204444 0.000000
0.245333 0.000000
0.175111 0.000000
0.216000 0.000000
0.218667 0.000000
0.259556 0.000021
0.273778 0.000000
0.314667 0.000000
0.317333 0.000000
0.358222 0.000000
0.288000 0.000000
0.328889 0.000000
0.331556 0.000000
0.372444 0.000000
0.412444 0.000000
0.453333 0.000000
0.456000 0.000000
0.496889 0.000000
0.426667 0.000000
0.467556 0.000000
0.470222 0.000000
0.511111 0.000000
0.289778 0.000000
0.330667 0.000000
0.333333 0.000000
0.374222 0.000000
0.304000 0.000000
0.344889 0.000000
0.347556 0.000000
0.388444 0.000001
0.428444 0.000000
0.469333 0.000000
0.472000 0.000000
0.512889 0.000001
0.442667 0.000000
0.483556 0.000000
0.486222 0.000000
0.527111 0.000038
0.541333 0.000000
0.582222 0.000000
0.584889 0.000000
0.625778 0.000000
0.555556 0.000000
0.596444 0.000000
0.599111 0.000000
0.640000 0.000000
0.680000 0.000000
0.720889 0.000000
0.723556 0.000000
0.764444 0.000000
0.694222 0.000000
0.735111 0.000000
0.737778 0.000000
0.778667 0.000000
0.496889 0.000000
0.537778 0.000000
0.540444 0.000000
0.581333 0.000000
0.511111 0.000000
0.552000 0.000000
0.554667 0.000000
0.595556 0.000000
0.635556 0.000000
0.676444 0.000000
0.679111 0.000000
0.720000 0.000000
0.649778 0.000000
0.690667 0.000000
0.693333 0.000000
0.734222 0.000022
0.748444 0.000000
0.789333 0.000000
0.792000 0.000000
0.832889 0.000000
0.762667 0.000000
0.803556 0.000000
0.806222 0.000000
0.847111 0.000000
0.887111 0.000000
0.928000 0.000000
0.930667 0.000000
0.971556 0.000000
0.901333 0.000000
0.942222 0.000000
0.944889 0.000000
0.985778 0.000000
0.764444 0.000000
0.805333 0.000000
0.808000 0.000000
0.848889 0.000000
0.778667 0.000000
0.819556 0.000000
0.822222 0.000000
0.863111 0.000001
0.903111 0.000000
0.944000 0.000000
0.946667 0.000000
0.987556 0.000001
0.917333 0.000000
0.958222 0.000000
0.960889 0.000000
1.001778 0.000040
1.016000 0.000000
1.056889 0.000000
1.059556 0.000000
1.100444 0.000000
1.030222 0.000000
1.071111 0.000000
1.073778 0.000000
1.114667 0.000000
1.154667 0.000000
1.195556 0.000000
1.198222 0.000000
1.239111 0.000000
1.168889 0.000000
1.209778 0.000000
1.212444 0.000000
1.253333 0.000000
0.493333 0.000000
0.534222 0.000000
0.536889 0.000000
0.577778 0.000000
0.507556 0.000000
0.548444 0.000000
0.551111 0.000000
0.592000 0.000000
0.632000 0.000000
0.672889 0.000000
0.675556 0.000000
0.716444 0.000000
0.646222 0.000000
0.687111 0.000000
0.689778 0.000000
0.730667 0.000015
0.744889 0.000000
0.785778 0.000000
0.788444 0.000000
0.829333 0.000000
0.759111 0.000000
0.800000 0.000000
0.802667 0.000000
0.843556 0.000000
0.883556 0.000000
0.924444 0.000000
0.927111 0.000000
0.968000 0.000000
0.897778 0.000000
0.938667 0.000000
0.941333 0.000000
0.982222 0.000000
0.760889 0.000000
0.801778 0.000000
0.804444 0.000000
0.845333 0.000000
0.775111 0.000000
0.816000 0.000000
0.818667 0.000000
0.859556 0.000000
0.899556 0.000000
0.940444 0.000000
0.943111 0.000000
0.984000 0.000000
0.913778 0.000000
0.954667 0.000000
0.957333 0.000000
0.998222 0.000028
1.012444 0.000000
1.053333 0.000000
1.056000 0.000000
1.096889 0.000000
1.026667 0.000000
1.067556 0.000000
1.070222 0.000000
1.111111 0.000000
1.151111 0.000000
1.192000 0.000000
1.194667 0.000000
1.235556 0.000000
1.165333 0.000000
1.206222 0.000000
1.208889 0.000000
1.249778 0.000000
0.968000 0.000000
1.008889 0.000000
1.011556 0.000000
1.052444 0.000000
0.982222 0.000000
1.023111 0.000000
1.025778 0.000000
1.066667 0.000000
1.106667 0.000000
1.147556 0.000000
1.150222 0.000000
1.191111 0.000000
1.120889 0.000000
1.161778 0.000000
1.164444 0.000000
1.205333 0.000016
1.219556 0.000000
1.260444 0.000000
1.263111 0.000000
1.304000 0.000000
1.233778 0.000000
1.274667 0.000000
1.277333 0.000000
1.318222 0.000000
1.358222 0.000000
1.399111 0.000000
1.401778 0.000000
1.442667 0.000000
1.372444 0.000000
1.413333 0.000000
1.416000 0.000000
1.456889 0.000000
1.235556 0.000000
1.276444 0.000000
1.279111 0.000000
1.320000 0.000000
1.249778 0.000000
1.290667 0.000000
1.293333 0.000000
1.334222 0.000000
1.374222 0.000000
1.415111 0.000000
1.417778 0.000000
1.458667 0.000000
1.388444 0.000000
1.429333 0.000000
1.432000 0.000000
1.472889 0.000029
1.487111 0.000000
1.528000 0.000000
1.530667 0.000000
1.571556 0.000000
1.501333 0.000000
1.542222 0.000000
1.544889 0.000000
1.585778 0.000000
1.625778 0.000000
1.666667 0.000000
1.669333 0.000000
1.710222 0.000000
1.640000 0.000000
1.680889 0.000000
1.683556 0.000000
1.724444 0.000000
0.120000 0.000000
0.160889 0.000000
0.163556 0.000000
0.204444 0.000000
0.134222 0.000000
0.175111 0.000000
0.177778 0.000000
0.218667 0.000000
0.258667 0.000000
0.299556 0.000000
0.302222 0.000000
0.343111 0.000000
0.272889 0.000000
0.313778 0.000000
0.316444 0.000000
0.357333 0.000004
0.371556 0.000000
0.412444 0.000000
0.415111 0.000000
0.456000 0.000000
0.385778 0.000000
0.426667 0.000000
0.429333 0.000000
0.470222 0.000000
0.510222 0.000000
0.551111 0.000000
0.553778 0.000000
0.594667 0.000000
0.524444 0.000000
0.565333 0.000000
0.568000 0.000000
0.608889 0.000000
0.387556 0.000000
0.428444 0.000000
0.431111 0.000000
0.472000 0.000000
0.401778 0.000000
0.442667 0.000000
0.445333 0.000000
0.486222 0.000000
0.526222 0.000000
0.567111 0.000000
0.569778 0.000000
0.610667 0.000000
0.540444 0.000000
0.581333 0.000000
0.584000 0.000000
0.624889 0.000007
0.639111 0.000000
0.680000 0.000000
0.682667 0.000000
0.723556 0.000000
0.653333 0.000000
0.694222 0.000000
0.696889 0.000000
0.737778 0.000000
0.777778 0.000000
0.818667 0.000000
0.821333 0.000000
0.862222 0.000000
0.792000 0.000000
0.832889 0.000000
0.835556 0.000000
0.876444 0.000000
0.594667 0.000000
0.635556 0.000000
0.638222 0.000000
0.679111 0.000000
0.608889 0.000000
0.649778 0.000000
0.652444 0.000000
0.693333 0.000000
0.733333 0.000000
0.774222 0.000000
0.776889 0.000000
0.817778 0.000000
0.747556 0.000000
0.788444 0.000000
0.791111 0.000000
0.832000 0.000004
0.846222 0.000000
0.887111 0.000000
0.889778 0.000000
0.930667 0.000000
0.860444 0.000000
0.901333 0.000000
0.904000 0.000000
0.944889 0.000000
0.984889 0.000000
1.025778 0.000000
1.028444 0.000000
1.069333 0.000000
0.999111 0.000000
1.040000 0.000000
1.042667 0.000000
1.083556 0.000000
0.862222 0.000000
0.903111 0.000000
0.905778 0.000000
0.946667 0.000000
0.876444 0.000000
0.917333 0.000000
0.920000 0.000000
0.960889 0.000000
1.000889 0.000000
1.041778 0.000000
1.044444 0.000000
1.085333 0.000000
1.015111 0.000000
1.056000 0.000000
1.058667 0.000000
1.099556 0.000007
1.113778 0.000000
1.154667 0.000000
1.157333 0.000000
1.198222 0.000000
1.128000 0.000000
1.168889 0.000000
1.171556 0.000000
1.212444 0.000000
1.252444 0.000000
1.293333 0.000000
1.296000 0.000000
1.336889 0.000000
1.266667 0.000000
1.307556 0.000000
1.310222 0.000000
1.351111 0.000000
0.591111 0.000000
0.632000 0.000000
0.634667 0.000000
0.675556 0.000000
0.605333 0.000000
0.646222 0.000000
0.648889 0.000000
0.689778 0.000000
0.729778 0.000000
0.770667 0.000000
0.773333 0.000000
0.814222 0.000000
0.744000 0.000000
0.784889 0.000000
0.787556 0.000000
0.828444 0.000003
0.842667 0.000000
0.883556 0.000000
0.886222 0.000000
0.927111 0.000000
0.856889 0.000000
0.897778 0.000000
0.900444 0.000000
0.941333 0.000000
0.981333 0.000000
1.022222 0.000000
1.024889 0.000000
1.065778 0.000000
0.995556 0.000000
1.036444 0.000000
1.039111 0.000000
1.080000 0.000000
0.858667 0.000000
0.899556 0.000000
0.902222 0.000000
0.943111 0.000000
0.872889 0.000000
0.913778 0.000000
0.916444 0.000000
0.957333 0.000000
0.997333 0.000000
1.038222 0.000000
1.040889 0.000000
1.081778 0.000000
1.011556 0.000000
1.052444 0.000000
1.055111 0.000000
1.096000 0.000005
1.110222 0.000000
1.151111 0.000000
1.153778 0.000000
1.194667 0.000000
1.124444 0.000000
1.165333 0.000000
1.168000 0.000000
1.208889 0.000000
1.248889 0.000000
1.289778 0.000000
1.292444 0.000000
1.333333 0.000000
1.263111 0.000000
1.304000 0.000000
1.306667 0.000000
1.347556 0.000000
1.065778 0.000000
1.106667 0.000000
1.109333 0.000000
1.150222 0.000000
1.080000 0.000000
1.120889 0.000000
1.123556 0.000000
1.164444 0.000000
1.204444 0.000000
1.245333 0.000000
1.248000 0.000000
1.288889 0.000000
1.218667 0.000000
1.259556 0.000000
1.262222 0.000000
1.303111 0.000003
1.317333 0.000000
1.358222 0.000000
1.360889 0.000000
1.401778 0.000000
1.331556 0.000000
1.372444 0.000000
1.375111 0.000000
1.416000 0.000000
1.456000 0.000000
1.496889 0.000000
1.499556 0.000000
1.540444 0.000000
1.470222 0.000000
1.511111 0.000000
1.513778 0.000000
1.554667 0.000000
1.333333 0.000000
1.374222 0.000000
1.376889 0.000000
1.417778 0.000000
1.347556 0.000000
1.388444 0.000000
1.391111 0.000000
1.432000 0.000000
1.472000 0.000000
1.512889 0.000000
1.515556 0.000000
1.556444 0.000000
1.486222 0.000000
1.527111 0.000000
1.529778 0.000000
1.570667 0.000005
1.584889 0.000000
1.625778 0.000000
1.628444 0.000000
1.669333 0.000000
1.599111 0.000000
1.640000 0.000000
1.642667 0.000000
1.683556 0.000000
1.723556 0.000000
1.764444 0.000000
1.767111 0.000000
1.808000 0.000000
1.737778 0.000000
1.778667 0.000000
1.781333 0.000000
1.822222 0.000000
0.140444 0.000000
0.181333 0.000000
0.184000 0.000000
0.224889 0.000000
0.154667 0.000000
0.195556 0.000000
0.198222 0.000000
0.239111 0.000000
0.279111 0.000000
0.320000 0.000000
0.322667 0.000000
0.363556 0.000000
0.293333 0.000000
0.334222 0.000000
0.336889 0.000000
0.377778 0.000002
0.392000 0.000000
0.432889 0.000000
0.435556 0.000000
0.476444 0.000000
0.406222 0.000000
0.447111 0.000000
0.449778 0.000000
0.490667 0.000000
0.530667 0.000000
0.571556 0.000000
0.574222 0.000000
0.615111 0.000000
0.544889 0.000000
0.585778 0.000000
0.588444 0.000000
0.629333 0.000000
0.408000 0.000000
0.448889 0.000000
0.451556 0.000000
0.492444 0.000000
0.422222 0.000000
0.463111 0.000000
0.465778 0.000000
0.506667 0.000000
0.546667 0.000000
0.587556 0.000000
0.590222 0.000000
0.631111 0.000000
0.560889 0.000000
0.601778 0.000000
0.604444 0.000000
0.645333 0.000004
0.659556 0.000000
0.700444 0.000000
0.703111 0.000000
0.744000 0.000000
0.673778 0.000000
0.714667 0.000000
0.717333 0.000000
0.758222 0.000000
0.798222 0.000000
0.839111 0.000000
0.841778 0.000000
0.882667 0.000000
0.812444 0.000000
0.853333 0.000000
0.856000 0.000000
0.896889 0.000000
0.615111 0.000000
0.656000 0.000000
0.658667 0.000000
0.699556 0.000000
0.629333 0.000000
0.670222 0.000000
0.672889 0.000000
0.713778 0.000000
0.753778 0.000000
0.794667 0.000000
0.797333 0.000000
0.838222 0.000000
0.768000 0.000000
0.808889 0.000000
0.811556 0.000000
0.852444 0.000002
0.866667 0.000000
0.907556 0.000000
0.910222 0.000000
0.951111 0.000000
0.880889 0.000000
0.921778 0.000000
0.924444 0.000000
0.965333 0.000000
1.005333 0.000000
1.046222 0.000000
1.048889 0.000000
1.089778 0.000000
1.019556 0.000000
1.060444 0.000000
1.063111 0.000000
1.104000 0.000000
0.882667 0.000000
0.923556 0.000000
0.926222 0.000000
0.967111 0.000000
0.896889 0.000000
0.937778 0.000000
0.940444 0.000000
0.981333 0.000000
1.021333 0.000000
1.062222 0.000000
1.064889 0.000000
1.105778 0.000000
1.035556 0.000000
1.076444 0.000000
1.079111 0.000000
1.120000 0.000004
1.134222 0.000000
1.175111 0.000000
1.177778 0.000000
1.218667 0.000000
1.148444 0.000000
1.189333 0.000000
1.192000 0.000000
1.232889 0.000000
1.272889 0.000000
1.313778 0.000000
1.316444 0.000000
1.357333 0.000000
1.287111 0.000000
1.328000 0.000000
1.330667 0.000000
1.371556 0.000000
0.611556 0.000000
0.652444 0.000000
0.655111 0.000000
0.696000 0.000000
0.625778 0.000000
0.666667 0.000000
0.669333 0.000000
0.710222 0.000000
0.750222 0.000000
0.791111 0.000000
0.793778 0.000000
0.834667 0.000000
0.764444 0.000000
0.805333 0.000000
0.808000 0.000000
0.848889 0.000002
0.863111 0.000000
0.904000 0.000000
0.906667 0.000000
0.947556 0.000000
0.877333 0.000000
0.918222 0.000000
0.920889 0.000000
0.961778 0.000000
1.001778 0.000000
1.042667 0.000000
1.045333 0.000000
1.086222 0.000000
1.016000 0.000000
1.056889 0.000000
1.059556 0.000000
1.100444 0.000000
0.879111 0.000000
0.920000 0.000000
0.922667 0.000000
0.963556 0.000000
0.893333 0.000000
0.934222 0.000000
0.936889 0.000000
0.977778 0.000000
1.017778 0.000000
1.058667 0.000000
1.061333 0.000000
1.102222 0.000000
1.032000 0.000000
1.072889 0.000000
1.075556 0.000000
1.116444 0.000003
1.130667 0.000000
1.171556 0.000000
1.174222 0.000000
1.215111 0.000000
1.144889 0.000000
1.185778 0.000000
1.188444 0.000000
1.229333 0.000000
1.269333 0.000000
1.310222 0.000000
1.312889 0.000000
1.353778 0.000000
1.283556 0.000000
1.324444 0.000000
1.327111 0.000000
1.368000 0.000000
1.086222 0.000000
1.127111 0.000000
1.129778 0.000000
1.170667 0.000000
1.100444 0.000000
1.141333 0.000000
1.144000 0.000000
1.184889 0.000000
1.224889 0.000000
1.265778 0.000000
1.268444 0.000000
1.309333 0.000000
1.239111 0.000000
1.280000 0.000000
1.282667 0.000000
1.323556 0.000002
1.337778 0.000000
1.378667 0.000000
1.381333 0.000000
1.422222 0.000000
1.352000 0.000000
1.392889 0.000000
1.395556 0.000000
1.436444 0.000000
1.476444 0.000000
1.517333 0.000000
1.520000 0.000000
1.560889 0.000000
1.490667 0.000000
1.531556 0.000000
1.534222 0.000000
1.575111 0.000000
1.353778 0.000000
1.394667 0.000000
1.397333 0.000000
1.438222 0.000000
1.368000 0.000000
1.408889 0.000000
1.411556 0.000000
1.452444 0.000000
1.492444 0.000000
1.533333 0.000000
1.536000 0.000000
1.576889 0.000000
1.506667 0.000000
1.547556 0.000000
1.550222 0.000000
1.591111 0.000003
1.605333 0.000000
1.646222 0.000000
1.648889 0.000000
1.689778 0.000000
1.619556 0.000000
1.660444 0.000000
1.663111 0.000000
1.704000 0.000000
1.744000 0.000000
1.784889 0.000000
1.787556 0.000000
1.828444 0.000000
1.758222 0.000000
1.799111 0.000000
1.801778 0.000000
1.842667 0.000000
