0.000000 0.001551
0.568930 0.001398
0.564815 0.001078
0.299383 0.004797
0.868313 0.002004
0.864198 0.001360
0.308642 0.002167
0.877572 0.003115
0.873457 0.003022
0.608025 0.016228
0.046296 0.002939
0.615226 0.002859
0.611111 0.002276
0.345679 0.009247
0.914609 0.004190
0.910494 0.002811
0.354938 0.004129
0.923868 0.006278
0.919753 0.006315
0.654321 0.030865
0.049383 0.003712
0.618313 0.001783
0.614198 0.004536
0.348765 0.004465
0.917695 0.005236
0.913580 0.009403
0.358025 0.009794
0.926955 0.002497
0.922840 0.007828
0.657407 0.028815
0.095679 0.007785
0.664609 0.003391
0.660494 0.008930
0.395062 0.009411
0.963992 0.010156
0.959877 0.018917
0.404321 0.020248
0.973251 0.004731
0.969136 0.015180
0.703704 0.060720
0.026749 0.005686
0.595679 0.001490
0.591564 0.001305
0.326132 0.012674
0.895062 0.001853
0.890947 0.003908
0.335391 0.009325
0.904321 0.004150
0.900206 0.002790
0.634774 0.054065
0.073045 0.011111
0.641975 0.003145
0.637860 0.002577
0.372428 0.025307
0.941358 0.003844
0.937243 0.007400
0.381687 0.017946
0.950617 0.008660
0.946502 0.005791
0.681070 0.106344
0.076132 0.003536
0.645062 0.005986
0.640947 0.008678
0.375514 0.008091
0.944444 0.012590
0.940329 0.012870
0.384774 0.009301
0.953704 0.010227
0.949588 0.018896
0.684156 0.030783
0.122428 0.007261
0.691358 0.011769
0.687243 0.017692
0.421811 0.015505
0.990741 0.025290
0.986626 0.026813
0.431070 0.019626
1.000000 0.019803
0.995885 0.037949
0.730453 0.061795
