0.000000 0.001044
0.568930 0.002080
0.564815 0.002685
0.299383 0.004665
0.868313 0.002840
0.864198 0.007026
0.308642 0.004753
0.877572 0.002796
0.873457 0.007064
0.608025 0.033916
0.046296 0.002436
0.615226 0.003979
0.611111 0.005672
0.345679 0.010214
0.914609 0.005237
0.910494 0.014406
0.354938 0.010391
0.923868 0.005149
0.919753 0.014470
0.654321 0.071309
0.049383 0.002460
0.618313 0.003967
0.614198 0.005692
0.348765 0.010273
0.917695 0.005208
0.913580 0.014428
0.358025 0.010450
0.926955 0.005119
0.922840 0.014492
0.657407 0.071534
0.095679 0.005664
0.664609 0.007548
0.660494 0.011960
0.395062 0.022319
0.963992 0.009531
0.959877 0.029451
0.404321 0.022673
0.973251 0.009355
0.969136 0.029557
0.703704 0.149616
0.026749 0.003469
0.595679 0.003715
0.591564 0.000307
0.326132 0.002525
0.895062 0.009529
0.890947 0.001468
0.335391 0.002426
0.904321 0.009575
0.900206 0.001532
0.634774 0.003511
0.073045 0.006132
0.641975 0.007822
0.637860 0.000585
0.372428 0.004109
0.941358 0.019484
0.937243 0.003618
0.381687 0.003938
0.950617 0.019560
0.946502 0.003767
0.681070 0.007347
0.076132 0.006079
0.645062 0.007848
0.640947 0.000585
0.375514 0.004051
0.944444 0.019510
0.940329 0.003667
0.384774 0.003882
0.953704 0.019585
0.949588 0.003817
0.684156 0.007394
0.122428 0.010625
0.691358 0.016434
0.687243 0.001241
0.421811 0.006518
0.990741 0.039717
0.986626 0.008912
0.431070 0.006236
1.000000 0.039839
0.995885 0.009250
0.730453 0.016964
