0.000000 0.000000
0.059028 0.002226
0.940972 0.000000
1.000000 0.003573
0.902778 0.000000
0.961806 0.942874
1.843750 0.000000
1.902778 0.003024
0.894097 0.000000
0.953125 0.011823
1.835069 0.000000
1.894097 0.000267
1.796875 0.000000
1.855903 0.008870
2.737847 0.000000
2.796875 0.000219
0.920139 0.000000
0.979167 0.000071
1.861111 0.000000
1.920139 0.000060
1.822917 0.000000
1.881944 0.013068
2.763889 0.000000
2.822917 0.000035
1.814236 0.000000
1.873264 0.000323
2.755208 0.000000
2.814236 0.000074
2.717014 0.000000
2.776042 0.013442
3.657986 0.000000
3.717014 0.000053
