0.000000 0.000121
0.001923 0.000299
0.012500 0.000020
0.014423 0.000042
0.008654 0.000348
0.010577 0.000809
0.021154 0.000052
0.023077 0.000124
0.025962 0.000299
0.027885 0.000623
0.038462 0.000042
0.040385 0.000140
0.034615 0.000809
0.036538 0.001618
0.047115 0.000124
0.049038 0.000478
0.249038 0.000039
0.250962 0.000090
0.261538 0.000006
0.263462 0.000014
0.257692 0.000109
0.259615 0.000238
0.270192 0.000015
0.272115 0.000043
0.275000 0.000090
0.276923 0.000180
0.287500 0.000014
0.289423 0.000053
0.283654 0.000238
0.285577 0.000468
0.296154 0.000043
0.298077 0.000184
0.142308 0.000041
0.144231 0.000121
0.154808 0.000010
0.156731 0.000020
0.150962 0.000124
0.152885 0.000348
0.163462 0.000026
0.165385 0.000052
0.168269 0.000121
0.170192 0.000299
0.180769 0.000020
0.182692 0.000042
0.176923 0.000348
0.178846 0.000809
0.189423 0.000052
0.191346 0.000124
0.391346 0.000014
0.393269 0.000039
0.403846 0.000003
0.405769 0.000006
0.400000 0.000041
0.401923 0.000109
0.412500 0.000008
0.414423 0.000015
0.417308 0.000039
0.419231 0.000090
0.429808 0.000006
0.431731 0.000014
0.425962 0.000109
0.427885 0.000238
0.438462 0.000015
0.440385 0.000043
0.266346 0.000299
0.268269 0.000623
0.278846 0.000042
0.280769 0.000140
0.275000 0.000809
0.276923 0.001618
0.287500 0.000124
0.289423 0.000478
0.292308 0.000623
0.294231 0.001244
0.304808 0.000140
0.306731 0.000637
0.300962 0.001618
0.302885 0.003437
0.313462 0.000478
0.315385 0.002187
0.515385 0.000090
0.517308 0.000180
0.527885 0.000014
0.529808 0.000053
0.524038 0.000238
0.525962 0.000468
0.536538 0.000043
0.538462 0.000184
0.541346 0.000180
0.543269 0.000382
0.553846 0.000053
0.555769 0.000243
0.550000 0.000468
0.551923 0.001115
0.562500 0.000184
0.564423 0.000822
0.408654 0.000121
0.410577 0.000299
0.421154 0.000020
0.423077 0.000042
0.417308 0.000348
0.419231 0.000809
0.429808 0.000052
0.431731 0.000124
0.434615 0.000299
0.436538 0.000623
0.447115 0.000042
0.449038 0.000140
0.443269 0.000809
0.445192 0.001618
0.455769 0.000124
0.457692 0.000478
0.657692 0.000039
0.659615 0.000090
0.670192 0.000006
0.672115 0.000014
0.666346 0.000109
0.668269 0.000238
0.678846 0.000015
0.680769 0.000043
0.683654 0.000090
0.685577 0.000180
0.696154 0.000014
0.698077 0.000053
0.692308 0.000238
0.694231 0.000468
0.704808 0.000043
0.706731 0.000184
0.520192 0.000041
0.522115 0.000109
0.532692 0.000008
0.534615 0.000015
0.528846 0.000121
0.530769 0.000299
0.541346 0.000020
0.543269 0.000042
0.546154 0.000109
0.548077 0.000238
0.558654 0.000015
0.560577 0.000043
0.554808 0.000299
0.556731 0.000623
0.567308 0.000042
0.569231 0.000140
0.769231 0.000013
0.771154 0.000033
0.781731 0.000002
0.783654 0.000005
0.777885 0.000039
0.779808 0.000090
0.790385 0.000006
0.792308 0.000014
0.795192 0.000033
0.797115 0.000069
0.807692 0.000005
0.809615 0.000016
0.803846 0.000090
0.805769 0.000180
0.816346 0.000014
0.818269 0.000053
0.662500 0.000013
0.664423 0.000041
0.675000 0.000004
0.676923 0.000008
0.671154 0.000041
0.673077 0.000121
0.683654 0.000010
0.685577 0.000020
0.688462 0.000041
0.690385 0.000109
0.700962 0.000008
0.702885 0.000015
0.697115 0.000121
0.699038 0.000299
0.709615 0.000020
0.711538 0.000042
0.911538 0.000385
0.786538 0.000145
0.788462 0.000318
0.799038 0.000020
0.800962 0.000057
0.795192 0.000399
0.797115 0.000831
0.807692 0.000057
0.809615 0.000187
0.812500 0.000318
0.814423 0.000624
0.825000 0.000057
0.826923 0.000245
0.821154 0.000831
0.823077 0.001659
0.833654 0.000187
0.835577 0.000849
0.928846 0.000294
0.930769 0.000773
0.937500 0.003446
0.525000 0.000405
0.526923 0.001460
0.537500 0.000155
0.539423 0.000359
0.533654 0.001319
0.535577 0.004468
0.546154 0.000435
0.548077 0.000953
0.550962 0.001460
0.552885 0.004361
0.563462 0.000359
0.565385 0.000719
0.559615 0.004468
0.561538 0.012524
0.572115 0.000953
0.574038 0.001873
0.774038 0.000147
0.775962 0.000496
0.786538 0.000048
0.788462 0.000106
0.782692 0.000467
0.784615 0.001487
0.795192 0.000133
0.797115 0.000277
0.800000 0.000496
0.801923 0.001392
0.812500 0.000106
0.814423 0.000208
0.808654 0.001487
0.810577 0.003913
0.821154 0.000277
0.823077 0.000553
0.667308 0.000094
0.669231 0.000405
0.679808 0.000055
0.681731 0.000155
0.675962 0.000324
0.677885 0.001319
0.688462 0.000165
0.690385 0.000435
0.693269 0.000405
0.695192 0.001460
0.705769 0.000155
0.707692 0.000359
0.701923 0.001319
0.703846 0.004468
0.714423 0.000435
0.716346 0.000953
0.916346 0.000192
0.918269 0.000781
0.925000 0.002599
0.791346 0.001947
0.793269 0.005815
0.803846 0.000479
0.805769 0.000959
0.800000 0.005957
0.801923 0.016699
0.812500 0.001271
0.814423 0.002498
0.817308 0.005815
0.819231 0.014373
0.829808 0.000959
0.831731 0.002036
0.825962 0.016699
0.827885 0.038817
0.838462 0.002498
0.840385 0.005949
0.933654 0.000540
0.935577 0.001947
0.946154 0.000206
0.948077 0.000479
0.942308 0.002344
0.944231 0.007943
0.959615 0.041543
0.170192 0.000299
0.172115 0.000623
0.182692 0.000042
0.184615 0.000140
0.178846 0.000809
0.180769 0.001618
0.191346 0.000124
0.193269 0.000478
0.196154 0.000623
0.198077 0.001244
0.208654 0.000140
0.210577 0.000637
0.204808 0.001618
0.206731 0.003437
0.217308 0.000478
0.219231 0.002187
0.419231 0.000090
0.421154 0.000180
0.431731 0.000014
0.433654 0.000053
0.427885 0.000238
0.429808 0.000468
0.440385 0.000043
0.442308 0.000184
0.445192 0.000180
0.447115 0.000382
0.457692 0.000053
0.459615 0.000243
0.453846 0.000468
0.455769 0.001115
0.466346 0.000184
0.468269 0.000822
0.312500 0.000121
0.314423 0.000299
0.325000 0.000020
0.326923 0.000042
0.321154 0.000348
0.323077 0.000809
0.333654 0.000052
0.335577 0.000124
0.338462 0.000299
0.340385 0.000623
0.350962 0.000042
0.352885 0.000140
0.347115 0.000809
0.349038 0.001618
0.359615 0.000124
0.361538 0.000478
0.561538 0.000039
0.563462 0.000090
0.574038 0.000006
0.575962 0.000014
0.570192 0.000109
0.572115 0.000238
0.582692 0.000015
0.584615 0.000043
0.587500 0.000090
0.589423 0.000180
0.600000 0.000014
0.601923 0.000053
0.596154 0.000238
0.598077 0.000468
0.608654 0.000043
0.610577 0.000184
0.436538 0.000623
0.438462 0.001244
0.449038 0.000140
0.450962 0.000637
0.445192 0.001618
0.447115 0.003437
0.457692 0.000478
0.459615 0.002187
0.462500 0.001244
0.464423 0.003467
0.475000 0.000637
0.476923 0.002732
0.471154 0.003437
0.473077 0.011376
0.483654 0.002187
0.485577 0.008900
0.685577 0.000180
0.687500 0.000382
0.698077 0.000053
0.700000 0.000243
0.694231 0.000468
0.696154 0.001115
0.706731 0.000184
0.708654 0.000822
0.711538 0.000382
0.713462 0.001264
0.724038 0.000243
0.725962 0.000989
0.720192 0.001115
0.722115 0.004300
0.732692 0.000822
0.734615 0.003155
0.578846 0.000299
0.580769 0.000623
0.591346 0.000042
0.593269 0.000140
0.587500 0.000809
0.589423 0.001618
0.600000 0.000124
0.601923 0.000478
0.604808 0.000623
0.606731 0.001244
0.617308 0.000140
0.619231 0.000637
0.613462 0.001618
0.615385 0.003437
0.625962 0.000478
0.627885 0.002187
0.827885 0.000090
0.829808 0.000180
0.840385 0.000014
0.842308 0.000053
0.836538 0.000238
0.838462 0.000468
0.849038 0.000043
0.850962 0.000184
0.853846 0.000180
0.855769 0.000382
0.866346 0.000053
0.868269 0.000243
0.862500 0.000468
0.864423 0.001115
0.875000 0.000184
0.876923 0.000822
0.690385 0.000109
0.692308 0.000238
0.702885 0.000015
0.704808 0.000043
0.699038 0.000299
0.700962 0.000623
0.711538 0.000042
0.713462 0.000140
0.716346 0.000238
0.718269 0.000468
0.728846 0.000043
0.730769 0.000184
0.725000 0.000623
0.726923 0.001244
0.737500 0.000140
0.739423 0.000637
0.939423 0.000133
0.941346 0.000277
0.951923 0.000075
0.948077 0.000479
0.950000 0.000959
0.832692 0.000055
0.834615 0.000145
0.845192 0.000010
0.847115 0.000020
0.841346 0.000162
0.843269 0.000399
0.853846 0.000027
0.855769 0.000057
0.858654 0.000145
0.860577 0.000318
0.871154 0.000020
0.873077 0.000057
0.867308 0.000399
0.869231 0.000831
0.879808 0.000057
0.881731 0.000187
0.956731 0.000424
0.958654 0.000833
0.969231 0.000076
0.971154 0.000327
0.965385 0.001108
0.967308 0.002212
0.977885 0.000999
0.982692 0.001110
0.984615 0.002644
0.991346 0.011796
0.695192 0.001460
0.697115 0.004361
0.707692 0.000359
0.709615 0.000719
0.703846 0.004468
0.705769 0.012524
0.716346 0.000953
0.718269 0.001873
0.721154 0.004361
0.723077 0.010780
0.733654 0.000719
0.735577 0.001527
0.729808 0.012524
0.731731 0.029113
0.742308 0.001873
0.744231 0.004462
0.944231 0.000496
0.946154 0.001392
0.956731 0.000106
0.958654 0.000208
0.952885 0.001487
0.954808 0.003913
0.965385 0.001108
0.970192 0.007422
0.972115 0.017252
0.837500 0.000540
0.839423 0.001947
0.850000 0.000206
0.851923 0.000479
0.846154 0.001758
0.848077 0.005957
0.858654 0.000580
0.860577 0.001271
0.863462 0.001947
0.865385 0.005815
0.875962 0.000479
0.877885 0.000959
0.872115 0.005957
0.874038 0.016699
0.884615 0.001271
0.886538 0.002498
0.961538 0.007753
0.963462 0.019164
0.974038 0.001279
0.975962 0.002715
0.970192 0.022265
0.972115 0.051757
0.982692 0.003331
0.984615 0.007932
0.987500 0.019164
0.989423 0.039900
1.000000 0.010861
0.996154 0.069009
0.998077 0.138095
