0.000000 0.000000
0.059028 0.010693
0.940972 0.000000
1.000000 0.000531
0.902778 0.000000
0.961806 0.023641
1.843750 0.000000
1.902778 0.001083
0.894097 0.000000
0.953125 0.879594
1.835069 0.000000
1.894097 0.025019
1.796875 0.000000
1.855903 0.021097
2.737847 0.000000
2.796875 0.006005
0.920139 0.000000
0.979167 0.011614
1.861111 0.000000
1.920139 0.000378
1.822917 0.000000
1.881944 0.001639
2.763889 0.000000
2.822917 0.000296
1.814236 0.000000
1.873264 0.017542
2.755208 0.000000
2.814236 0.000460
2.717014 0.000000
2.776042 0.000329
3.657986 0.000000
3.717014 0.000080
