0.000000 0.000000
0.059028 0.004016
0.940972 0.000000
1.000000 0.008436
0.902778 0.000000
0.961806 0.953611
1.843750 0.000000
1.902778 0.000137
0.894097 0.000000
0.953125 0.022763
1.835069 0.000000
1.894097 0.002751
1.796875 0.000000
1.855903 0.004730
2.737847 0.000000
2.796875 0.000212
0.920139 0.000000
0.979167 0.000009
1.861111 0.000000
1.920139 0.000019
1.822917 0.000000
1.881944 0.001218
2.763889 0.000000
2.822917 0.000000
1.814236 0.000000
1.873264 0.000388
2.755208 0.000000
2.814236 0.000021
2.717014 0.000000
2.776042 0.001683
3.657986 0.000000
3.717014 0.000005
