0.000000 0.000077
0.057491 0.005234
0.937282 0.000202
0.994774 0.011877
0.942509 0.000979
1.000000 0.876581
1.879791 0.021261
1.937282 0.003521
0.893728 0.000049
0.951220 0.025554
1.831010 0.000621
1.888502 0.000533
1.836237 0.000003
1.893728 0.003849
2.773519 0.000072
2.831010 0.000102
0.932056 0.000002
0.989547 0.000079
1.869338 0.000006
1.926829 0.000396
1.874564 0.000032
1.932056 0.028864
2.811847 0.000701
2.869338 0.000105
1.825784 0.000003
1.883275 0.001748
2.763066 0.000036
2.820557 0.000052
2.768293 0.000001
2.825784 0.000367
3.705575 0.000011
3.763066 0.000011
0.893728 0.000066
0.951220 0.000051
1.831010 0.000153
1.888502 0.000065
1.836237 0.008427
1.893728 0.006326
2.773519 0.000811
2.831010 0.000080
1.787456 0.000237
1.844948 0.000183
2.724739 0.000036
2.782230 0.000006
2.729965 0.000037
2.787456 0.000027
3.667247 0.000007
3.724739 0.000001
1.825784 0.000001
1.883275 0.000001
2.763066 0.000006
2.820557 0.000002
2.768293 0.000277
2.825784 0.000208
3.705575 0.000027
3.763066 0.000002
2.719512 0.000017
2.777003 0.000013
3.656794 0.000002
3.714286 0.000001
3.662021 0.000004
3.719512 0.000003
4.599303 0.000000
4.656794 0.000000
