0.000000 0.000000
0.059028 0.000010
0.940972 0.000000
1.000000 0.012533
0.902778 0.000000
0.961806 0.968021
1.843750 0.000000
1.902778 0.000048
0.894097 0.000000
0.953125 0.015109
1.835069 0.000000
1.894097 0.000666
1.796875 0.000000
1.855903 0.000002
2.737847 0.000000
2.796875 0.000182
0.920139 0.000000
0.979167 0.000006
1.861111 0.000000
1.920139 0.000007
1.822917 0.000000
1.881944 0.000097
2.763889 0.000000
2.822917 0.000001
1.814236 0.000000
1.873264 0.000306
2.755208 0.000000
2.814236 0.000110
2.717014 0.000000
2.776042 0.002900
3.657986 0.000000
3.717014 0.000003
