0.000000 0.196582
0.057491 0.012520
0.937282 0.014112
0.994774 0.001709
0.942509 0.036822
1.000000 0.002373
1.879791 0.002681
1.937282 0.000338
0.893728 0.001029
0.951220 0.000066
1.831010 0.000075
1.888502 0.000009
1.836237 0.002615
1.893728 0.000168
2.773519 0.000200
2.831010 0.000024
0.932056 0.064290
0.989547 0.004095
1.869338 0.004622
1.926829 0.000560
1.874564 0.014247
1.932056 0.000918
2.811847 0.001039
2.869338 0.000131
1.825784 0.004669
1.883275 0.000297
2.763066 0.000334
2.820557 0.000040
2.768293 0.000503
2.825784 0.000032
3.705575 0.000031
3.763066 0.000004
0.893728 0.288445
0.951220 0.073661
1.831010 0.021125
1.888502 0.004492
1.836237 0.053985
1.893728 0.013873
2.773519 0.003970
2.831010 0.000939
1.787456 0.001509
1.844948 0.000387
2.724739 0.000112
2.782230 0.000025
2.729965 0.003836
2.787456 0.000984
3.667247 0.000298
3.724739 0.000065
1.825784 0.094332
1.883275 0.024092
2.763066 0.006919
2.820557 0.001471
2.768293 0.020889
2.825784 0.005367
3.705575 0.001540
3.763066 0.000362
2.719512 0.006852
2.777003 0.001748
3.656794 0.000501
3.714286 0.000105
3.662021 0.000738
3.719512 0.000188
4.599303 0.000046
4.656794 0.000011
