0.000000 0.000007
0.133993 0.000003
0.132194 0.000005
0.266187 0.000002
0.247302 0.000002
0.381295 0.000001
0.379496 0.000001
0.513489 0.000000
0.464029 0.000004
0.598022 0.000001
0.596223 0.000000
0.730216 0.000000
0.711331 0.000001
0.845324 0.000000
0.843525 0.000000
0.234712 0.000003
0.368705 0.000001
0.366906 0.000002
0.500899 0.000000
0.482014 0.000001
0.616007 0.000000
0.614209 0.000000
0.748201 0.000000
0.698741 0.000001
0.832734 0.000000
0.830935 0.000000
0.469424 0.000007
0.603417 0.000002
0.601619 0.000002
0.735612 0.000000
0.716727 0.000002
0.850719 0.000001
0.848921 0.000001
0.704137 0.000003
0.838129 0.000001
0.836331 0.000001
0.240108 0.000092
0.374101 0.000017
0.372302 0.000008
0.506295 0.000002
0.487410 0.000022
0.621403 0.000004
0.619604 0.000002
0.753597 0.000000
0.704137 0.000037
0.838129 0.000009
0.836331 0.000009
0.474820 0.000017
0.608813 0.000003
0.607014 0.000003
0.741007 0.000001
0.722122 0.000004
0.856115 0.000001
0.854317 0.000001
0.709532 0.000015
0.843525 0.000004
0.841727 0.000010
0.496403 0.000057
0.630396 0.000011
0.628597 0.000020
0.762590 0.000007
0.743705 0.000013
0.877698 0.000003
0.875899 0.000007
0.731115 0.000015
0.865108 0.000006
0.863309 0.000014
0.736511 0.001140
0.870504 0.000243
0.868705 0.000169
0.156475 0.000042
0.290468 0.000016
0.288669 0.000027
0.422662 0.000007
0.403777 0.000011
0.537770 0.000004
0.535971 0.000007
0.669964 0.000002
0.620504 0.000010
0.754496 0.000002
0.752698 0.000003
0.867806 0.000004
0.391187 0.000019
0.525180 0.000006
0.523381 0.000008
0.657374 0.000002
0.638489 0.000005
0.772482 0.000002
0.770683 0.000002
0.855216 0.000004
0.625899 0.000035
0.759892 0.000009
0.758094 0.000010
0.873201 0.000014
0.860612 0.000018
0.396583 0.000265
0.530576 0.000043
0.528777 0.000030
0.662770 0.000011
0.643885 0.000060
0.777878 0.000010
0.776079 0.000010
0.860612 0.000234
0.631295 0.000043
0.765288 0.000009
0.763489 0.000021
0.878597 0.000016
0.866007 0.000098
0.652878 0.000181
0.786871 0.000057
0.785072 0.000148
0.900180 0.000072
0.887590 0.000140
0.892986 0.006054
0.044065 0.000040
0.178058 0.000015
0.176259 0.000026
0.310252 0.000007
0.291367 0.000011
0.425360 0.000004
0.423561 0.000007
0.557554 0.000002
0.508094 0.000011
0.642086 0.000002
0.640288 0.000003
0.774281 0.000001
0.755396 0.000004
0.278777 0.000019
0.412770 0.000006
0.410971 0.000008
0.544964 0.000002
0.526079 0.000005
0.660072 0.000002
0.658273 0.000002
0.792266 0.000000
0.742806 0.000002
0.876799 0.000001
0.875000 0.000002
0.513489 0.000035
0.647482 0.000009
0.645683 0.000008
0.779676 0.000002
0.760791 0.000014
0.748201 0.000012
0.882194 0.000003
0.880396 0.000002
0.284173 0.000275
0.418165 0.000045
0.416367 0.000029
0.550360 0.000010
0.531475 0.000063
0.665468 0.000010
0.663669 0.000008
0.797662 0.000003
0.748201 0.000150
0.882194 0.000034
0.880396 0.000026
0.518885 0.000045
0.652878 0.000009
0.651079 0.000016
0.785072 0.000006
0.766187 0.000016
0.753597 0.000061
0.887590 0.000022
0.885791 0.000055
0.540468 0.000182
0.674460 0.000055
0.672662 0.000114
0.806655 0.000038
0.787770 0.000046
0.921763 0.000015
0.919964 0.000039
0.775180 0.000086
0.909173 0.000033
0.907374 0.000067
0.780576 0.003962
0.914568 0.000751
0.912770 0.000455
0.200540 0.000248
0.334532 0.000088
0.332734 0.000119
0.466727 0.000030
0.447842 0.000068
0.581835 0.000023
0.580036 0.000030
0.714029 0.000007
0.664568 0.000038
0.798561 0.000010
0.796763 0.000025
0.435252 0.000101
0.569245 0.000029
0.567446 0.000028
0.701439 0.000006
0.682554 0.000026
0.816547 0.000007
0.814748 0.000009
0.899281 0.000019
0.669964 0.000151
0.803957 0.000036
0.802158 0.000031
0.917266 0.000059
0.904676 0.000066
0.440647 0.000715
0.574640 0.000123
0.572842 0.000162
0.706835 0.000063
0.687950 0.000162
0.821942 0.000030
0.820144 0.000056
0.904676 0.000843
0.675360 0.000181
0.809353 0.000058
0.807554 0.000149
0.910072 0.000566
0.696942 0.000887
0.830935 0.000341
0.829137 0.000771
0.944245 0.000379
0.931655 0.000827
0.937050 0.018636
0.021583 0.000040
0.155576 0.000015
0.153777 0.000026
0.287770 0.000007
0.268885 0.000011
0.402878 0.000004
0.401079 0.000007
0.535072 0.000002
0.485612 0.000011
0.619604 0.000002
0.617806 0.000003
0.751799 0.000001
0.732914 0.000002
0.866906 0.000000
0.865108 0.000001
0.256295 0.000019
0.390288 0.000006
0.388489 0.000008
0.522482 0.000002
0.503597 0.000005
0.637590 0.000002
0.635791 0.000002
0.769784 0.000000
0.720324 0.000002
0.854317 0.000001
0.852518 0.000002
0.491007 0.000034
0.625000 0.000009
0.623201 0.000008
0.757194 0.000002
0.738309 0.000009
0.872302 0.000002
0.870504 0.000002
0.725719 0.000012
0.859712 0.000003
0.857914 0.000002
0.261691 0.000277
0.395683 0.000046
0.393885 0.000029
0.527878 0.000010
0.508993 0.000064
0.642986 0.000010
0.641187 0.000008
0.775180 0.000003
0.725719 0.000150
0.859712 0.000034
0.857914 0.000026
0.496403 0.000045
0.630396 0.000009
0.628597 0.000016
0.762590 0.000006
0.743705 0.000010
0.877698 0.000002
0.875899 0.000005
0.731115 0.000061
0.865108 0.000022
0.863309 0.000054
0.517986 0.000182
0.651978 0.000055
0.650180 0.000113
0.784173 0.000038
0.765288 0.000046
0.899281 0.000015
0.897482 0.000038
0.752698 0.000085
0.886691 0.000033
0.884892 0.000066
0.758094 0.003979
0.892086 0.000756
0.890288 0.000458
0.178058 0.000246
0.312050 0.000087
0.310252 0.000119
0.444245 0.000030
0.425360 0.000067
0.559353 0.000023
0.557554 0.000030
0.691547 0.000007
0.642086 0.000030
0.776079 0.000008
0.774281 0.000020
0.889388 0.000011
0.412770 0.000100
0.546763 0.000029
0.544964 0.000028
0.678957 0.000006
0.660072 0.000026
0.794065 0.000007
0.792266 0.000009
0.876799 0.000018
0.647482 0.000151
0.781475 0.000036
0.779676 0.000031
0.894784 0.000059
0.882194 0.000066
0.418165 0.000722
0.552158 0.000124
0.550360 0.000161
0.684353 0.000062
0.665468 0.000164
0.799460 0.000030
0.797662 0.000055
0.882194 0.000846
0.652878 0.000145
0.786871 0.000046
0.785072 0.000118
0.900180 0.000058
0.887590 0.000561
0.674460 0.000881
0.808453 0.000338
0.806655 0.000768
0.921763 0.000376
0.909173 0.000821
0.914568 0.018767
0.065647 0.000236
0.199640 0.000085
0.197842 0.000118
0.331835 0.000030
0.312950 0.000065
0.446942 0.000023
0.445144 0.000030
0.579137 0.000007
0.529676 0.000031
0.663669 0.000008
0.661871 0.000015
0.795863 0.000005
0.776978 0.000012
0.300360 0.000098
0.434353 0.000029
0.432554 0.000029
0.566547 0.000006
0.547662 0.000026
0.681655 0.000007
0.679856 0.000007
0.813849 0.000001
0.764388 0.000011
0.898381 0.000004
0.896583 0.000010
0.535072 0.000150
0.669065 0.000037
0.667266 0.000026
0.801259 0.000004
0.782374 0.000059
0.769784 0.000043
0.903777 0.000009
0.901978 0.000006
0.305755 0.000755
0.439748 0.000127
0.437950 0.000154
0.571942 0.000059
0.553058 0.000171
0.687050 0.000030
0.685252 0.000042
0.819245 0.000016
0.769784 0.000551
0.903777 0.000111
0.901978 0.000071
0.540468 0.000145
0.674460 0.000044
0.672662 0.000091
0.806655 0.000031
0.787770 0.000057
0.775180 0.000343
0.909173 0.000131
0.907374 0.000266
0.562050 0.000849
0.696043 0.000323
0.694245 0.000599
0.828237 0.000179
0.809353 0.000289
0.941547 0.000197
0.796763 0.000505
0.930755 0.000177
0.928957 0.000292
0.802158 0.012427
0.936151 0.002112
0.934353 0.001427
0.222122 0.001366
0.356115 0.000432
0.354317 0.000479
0.488309 0.000107
0.469424 0.000364
0.603417 0.000112
0.601619 0.000118
0.735612 0.000026
0.686151 0.000154
0.820144 0.000056
0.818345 0.000137
0.456835 0.000464
0.590827 0.000121
0.589029 0.000095
0.723022 0.000017
0.704137 0.000118
0.838129 0.000030
0.836331 0.000028
0.920863 0.000110
0.691547 0.000586
0.825540 0.000126
0.823741 0.000088
0.938849 0.000224
0.926259 0.000215
0.462230 0.002024
0.596223 0.000484
0.594424 0.000960
0.728417 0.000344
0.709532 0.000480
0.843525 0.000128
0.841727 0.000328
0.926259 0.002749
0.696942 0.000887
0.830935 0.000341
0.829137 0.000771
0.931655 0.003308
0.718525 0.005216
0.852518 0.001935
0.850719 0.003594
0.965827 0.002244
0.953237 0.004443
0.958633 0.052325
0.034173 0.000029
0.168165 0.000009
0.166367 0.000018
0.300360 0.000006
0.281475 0.000007
0.415468 0.000002
0.413669 0.000005
0.547662 0.000002
0.498201 0.000019
0.632194 0.000003
0.630396 0.000002
0.764388 0.000001
0.745504 0.000004
0.879496 0.000001
0.877698 0.000001
0.268885 0.000011
0.402878 0.000004
0.401079 0.000007
0.535072 0.000002
0.516187 0.000003
0.650180 0.000001
0.648381 0.000002
0.782374 0.000000
0.732914 0.000003
0.866906 0.000001
0.865108 0.000001
0.503597 0.000025
0.637590 0.000008
0.635791 0.000009
0.769784 0.000002
0.750899 0.000007
0.884892 0.000002
0.883094 0.000003
0.738309 0.000011
0.872302 0.000003
0.870504 0.000003
0.274281 0.000407
0.408273 0.000077
0.406475 0.000038
0.540468 0.000007
0.521583 0.000097
0.655576 0.000018
0.653777 0.000009
0.787770 0.000002
0.738309 0.000142
0.872302 0.000038
0.870504 0.000039
0.508993 0.000079
0.642986 0.000013
0.641187 0.000010
0.775180 0.000003
0.756295 0.000018
0.890288 0.000003
0.888489 0.000003
0.743705 0.000065
0.877698 0.000014
0.875899 0.000034
0.530576 0.000270
0.664568 0.000047
0.662770 0.000066
0.796763 0.000025
0.777878 0.000061
0.911871 0.000011
0.910072 0.000023
0.765288 0.000057
0.899281 0.000019
0.897482 0.000048
0.770683 0.004689
0.904676 0.001054
0.902878 0.000802
0.190647 0.000141
0.324640 0.000054
0.322842 0.000098
0.456835 0.000029
0.437950 0.000039
0.571942 0.000015
0.570144 0.000026
0.704137 0.000007
0.654676 0.000050
0.788669 0.000008
0.786871 0.000011
0.901978 0.000018
0.425360 0.000067
0.559353 0.000023
0.557554 0.000030
0.691547 0.000007
0.672662 0.000018
0.806655 0.000006
0.804856 0.000009
0.889388 0.000014
0.660072 0.000131
0.794065 0.000037
0.792266 0.000043
0.907374 0.000053
0.894784 0.000074
0.430755 0.001229
0.564748 0.000207
0.562950 0.000116
0.696942 0.000035
0.678058 0.000284
0.812050 0.000047
0.810252 0.000037
0.894784 0.000945
0.665468 0.000205
0.799460 0.000037
0.797662 0.000069
0.912770 0.000073
0.900180 0.000360
0.687050 0.000754
0.821043 0.000199
0.819245 0.000509
0.934353 0.000285
0.921763 0.000470
0.927158 0.026264
0.078237 0.000136
0.212230 0.000052
0.210432 0.000096
0.344424 0.000029
0.325540 0.000037
0.459532 0.000014
0.457734 0.000025
0.591727 0.000007
0.542266 0.000052
0.676259 0.000009
0.674460 0.000009
0.808453 0.000003
0.789568 0.000018
0.312950 0.000065
0.446942 0.000023
0.445144 0.000030
0.579137 0.000007
0.560252 0.000018
0.694245 0.000006
0.692446 0.000008
0.826439 0.000002
0.776978 0.000009
0.910971 0.000003
0.909173 0.000007
0.547662 0.000128
0.681655 0.000037
0.679856 0.000035
0.813849 0.000007
0.794964 0.000052
0.782374 0.000047
0.916367 0.000011
0.914568 0.000009
0.318345 0.001272
0.452338 0.000216
0.450540 0.000117
0.584532 0.000034
0.565647 0.000294
0.699640 0.000049
0.697842 0.000029
0.831835 0.000009
0.782374 0.000604
0.916367 0.000143
0.914568 0.000120
0.553058 0.000214
0.687050 0.000038
0.685252 0.000053
0.819245 0.000020
0.800360 0.000076
0.787770 0.000228
0.921763 0.000075
0.919964 0.000193
0.574640 0.000770
0.708633 0.000194
0.706835 0.000391
0.840827 0.000138
0.821942 0.000231
0.954137 0.000133
0.809353 0.000289
0.943345 0.000111
0.941547 0.000247
0.814748 0.017095
0.948741 0.003416
0.946942 0.002165
0.234712 0.000835
0.368705 0.000310
0.366906 0.000460
0.500899 0.000121
0.482014 0.000230
0.616007 0.000083
0.614209 0.000118
0.748201 0.000030
0.698741 0.000170
0.832734 0.000037
0.830935 0.000085
0.469424 0.000364
0.603417 0.000112
0.601619 0.000118
0.735612 0.000026
0.716727 0.000096
0.850719 0.000029
0.848921 0.000036
0.933453 0.000064
0.704137 0.000592
0.838129 0.000150
0.836331 0.000141
0.951439 0.000234
0.938849 0.000279
0.474820 0.003427
0.608813 0.000559
0.607014 0.000551
0.741007 0.000210
0.722122 0.000776
0.856115 0.000130
0.854317 0.000188
0.938849 0.003577
0.709532 0.000751
0.843525 0.000200
0.841727 0.000513
0.944245 0.001896
0.731115 0.003112
0.865108 0.001139
0.863309 0.002780
0.978417 0.001298
0.965827 0.002804
0.971223 0.084896
0.055755 0.000135
0.189748 0.000051
0.187950 0.000095
0.321942 0.000029
0.303058 0.000037
0.437050 0.000014
0.435252 0.000025
0.569245 0.000007
0.519784 0.000053
0.653777 0.000009
0.651978 0.000009
0.785971 0.000003
0.767086 0.000012
0.901079 0.000002
0.899281 0.000003
0.290468 0.000064
0.424460 0.000023
0.422662 0.000030
0.556655 0.000007
0.537770 0.000017
0.671763 0.000006
0.669964 0.000008
0.803957 0.000002
0.754496 0.000009
0.888489 0.000003
0.886691 0.000007
0.525180 0.000128
0.659173 0.000037
0.657374 0.000035
0.791367 0.000007
0.772482 0.000033
0.906475 0.000009
0.904676 0.000011
0.759892 0.000047
0.893885 0.000011
0.892086 0.000009
0.295863 0.001280
0.429856 0.000218
0.428058 0.000117
0.562050 0.000034
0.543165 0.000297
0.677158 0.000049
0.675360 0.000029
0.809353 0.000009
0.759892 0.000604
0.893885 0.000144
0.892086 0.000121
0.530576 0.000216
0.664568 0.000038
0.662770 0.000053
0.796763 0.000020
0.777878 0.000049
0.911871 0.000009
0.910072 0.000018
0.765288 0.000228
0.899281 0.000075
0.897482 0.000192
0.552158 0.000774
0.686151 0.000193
0.684353 0.000388
0.818345 0.000137
0.799460 0.000185
0.933453 0.000051
0.931655 0.000132
0.786871 0.000286
0.920863 0.000110
0.919065 0.000245
0.792266 0.017150
0.926259 0.003436
0.924460 0.002185
0.212230 0.000828
0.346223 0.000308
0.344424 0.000459
0.478417 0.000121
0.459532 0.000228
0.593525 0.000083
0.591727 0.000117
0.725719 0.000030
0.676259 0.000137
0.810252 0.000029
0.808453 0.000068
0.923561 0.000050
0.446942 0.000362
0.580935 0.000111
0.579137 0.000118
0.713129 0.000026
0.694245 0.000096
0.828237 0.000029
0.826439 0.000036
0.910971 0.000064
0.681655 0.000591
0.815647 0.000150
0.813849 0.000141
0.928957 0.000234
0.916367 0.000280
0.452338 0.003457
0.586331 0.000563
0.584532 0.000547
0.718525 0.000209
0.699640 0.000783
0.833633 0.000130
0.831835 0.000186
0.916367 0.003586
0.687050 0.000603
0.821043 0.000159
0.819245 0.000407
0.934353 0.000228
0.921763 0.001880
0.708633 0.003097
0.842626 0.001128
0.840827 0.002764
0.955935 0.001290
0.943345 0.002780
0.948741 0.085399
0.099820 0.000791
0.233813 0.000297
0.232014 0.000453
0.366007 0.000121
0.347122 0.000218
0.481115 0.000080
0.479317 0.000116
0.613309 0.000030
0.563849 0.000142
0.697842 0.000029
0.696043 0.000052
0.830036 0.000019
0.811151 0.000051
0.334532 0.000352
0.468525 0.000110
0.466727 0.000119
0.600719 0.000026
0.581835 0.000094
0.715827 0.000028
0.714029 0.000029
0.848022 0.000006
0.798561 0.000049
0.930755 0.000035
0.569245 0.000586
0.703237 0.000150
0.701439 0.000116
0.835432 0.000021
0.816547 0.000233
0.803957 0.000181
0.937950 0.000038
0.936151 0.000026
0.339928 0.003612
0.473921 0.000586
0.472122 0.000529
0.606115 0.000200
0.587230 0.000819
0.721223 0.000135
0.719424 0.000143
0.853417 0.000055
0.803957 0.002320
0.937950 0.000491
0.936151 0.000338
0.574640 0.000616
0.708633 0.000155
0.706835 0.000313
0.840827 0.000111
0.821942 0.000231
0.809353 0.001154
0.943345 0.000445
0.941547 0.000986
0.596223 0.003027
0.730216 0.001079
0.728417 0.002147
0.862410 0.000677
0.843525 0.001000
0.975719 0.000715
0.830935 0.001704
0.964928 0.000625
0.963129 0.001135
0.836331 0.056250
0.970324 0.010015
0.968525 0.006145
0.256295 0.004784
0.390288 0.001595
0.388489 0.001935
0.522482 0.000454
0.503597 0.001290
0.637590 0.000418
0.635791 0.000482
0.769784 0.000110
0.720324 0.000581
0.854317 0.000188
0.852518 0.000484
0.491007 0.001762
0.625000 0.000482
0.623201 0.000418
0.757194 0.000081
0.738309 0.000454
0.872302 0.000121
0.870504 0.000125
0.955036 0.000369
0.725719 0.003006
0.859712 0.000679
0.857914 0.000521
0.960432 0.000955
0.496403 0.009300
0.630396 0.001857
0.628597 0.003221
0.762590 0.001204
0.743705 0.002142
0.877698 0.000470
0.875899 0.001110
0.960432 0.012227
0.731115 0.003112
0.865108 0.001139
0.863309 0.002780
0.965827 0.011218
0.752698 0.017416
0.886691 0.006669
0.884892 0.013584
1.000000 0.007512
0.987410 0.015738
0.992806 0.248356
