0.000000 0.008394
0.057491 0.061704
0.937282 0.004442
0.994774 0.009351
0.942509 0.079473
1.000000 0.502434
1.879791 0.020409
1.937282 0.012263
0.893728 0.002895
0.951220 0.020078
1.831010 0.000738
1.888502 0.001201
1.836237 0.003862
1.893728 0.024125
2.773519 0.000797
2.831010 0.000325
0.932056 0.002103
0.989547 0.015431
1.869338 0.001102
1.926829 0.002298
1.874564 0.019639
1.932056 0.124130
2.811847 0.005047
2.869338 0.003032
1.825784 0.000938
1.883275 0.006507
2.763066 0.000254
2.820557 0.000406
2.768293 0.001301
2.825784 0.008108
3.705575 0.000284
3.763066 0.000128
0.893728 0.002029
0.951220 0.001933
1.831010 0.000778
1.888502 0.000311
1.836237 0.018194
1.893728 0.015697
2.773519 0.002782
2.831010 0.000338
1.787456 0.000694
1.844948 0.000633
2.724739 0.000127
2.782230 0.000046
2.729965 0.000886
2.787456 0.000756
3.667247 0.000103
3.724739 0.000008
1.825784 0.000508
1.883275 0.000483
2.763066 0.000193
2.820557 0.000077
2.768293 0.004496
2.825784 0.003878
3.705575 0.000688
3.763066 0.000083
2.719512 0.000224
2.777003 0.000205
3.656794 0.000043
3.714286 0.000015
3.662021 0.000298
3.719512 0.000254
4.599303 0.000037
4.656794 0.000003
