0.000000 0.000000
0.059028 0.000029
0.940972 0.000000
1.000000 0.288624
0.902778 0.000000
0.961806 0.706843
1.843750 0.000000
1.902778 0.000009
0.894097 0.000000
0.953125 0.003978
1.835069 0.000000
1.894097 0.000025
1.796875 0.000000
1.855903 0.000006
2.737847 0.000000
2.796875 0.000016
0.920139 0.000000
0.979167 0.000188
1.861111 0.000000
1.920139 0.000003
1.822917 0.000000
1.881944 0.000028
2.763889 0.000000
2.822917 0.000128
1.814236 0.000000
1.873264 0.000052
2.755208 0.000000
2.814236 0.000016
2.717014 0.000000
2.776042 0.000003
3.657986 0.000000
3.717014 0.000052
