0.000000 0.000000
0.037363 0.008393
0.325275 0.000004
0.362637 0.078119
0.328571 0.000000
0.365934 0.001722
0.653846 0.000000
0.691209 0.001999
0.603297 0.000000
0.640659 0.000213
0.928571 0.000000
0.965934 0.001603
0.931868 0.000000
0.969231 0.000006
1.257143 0.000000
1.294505 0.000293
0.602198 0.000001
0.639560 0.055837
0.927473 0.000023
0.964835 0.522719
0.930769 0.000000
0.968132 0.011756
1.256044 0.000001
1.293407 0.014030
1.205495 0.000000
1.242857 0.000901
1.530769 0.000000
1.568132 0.005651
1.534066 0.000000
1.571429 0.000156
1.859341 0.000000
1.896703 0.002451
0.586813 0.000000
0.624176 0.001979
0.912088 0.000001
0.949451 0.018419
0.915385 0.000000
0.952747 0.000406
1.240659 0.000000
1.278022 0.000471
1.190110 0.000000
1.227473 0.000050
1.515385 0.000000
1.552747 0.000378
1.518681 0.000000
1.556044 0.000001
1.843956 0.000000
1.881319 0.000069
1.189011 0.000000
1.226374 0.013165
1.514286 0.000006
1.551648 0.123248
1.517582 0.000000
1.554945 0.002772
1.842857 0.000000
1.880220 0.003308
1.792308 0.000000
1.829670 0.000213
2.117582 0.000000
2.154945 0.001332
2.120879 0.000000
2.158242 0.000037
2.446154 0.000000
2.483516 0.000578
0.287912 0.000000
0.325275 0.001085
0.613187 0.000000
0.650549 0.010100
0.616484 0.000000
0.653846 0.000223
0.941758 0.000000
0.979121 0.000258
0.891209 0.000000
0.928571 0.000028
1.216484 0.000000
1.253846 0.000207
1.219780 0.000000
1.257143 0.000001
1.545055 0.000000
1.582418 0.000038
0.890110 0.000000
0.927473 0.007219
1.215385 0.000003
1.252747 0.067580
1.218681 0.000000
1.256044 0.001520
1.543956 0.000000
1.581319 0.001814
1.493407 0.000000
1.530769 0.000117
1.818681 0.000000
1.856044 0.000731
1.821978 0.000000
1.859341 0.000020
2.147253 0.000000
2.184615 0.000317
0.874725 0.000000
0.912088 0.000256
1.200000 0.000000
1.237363 0.002381
1.203297 0.000000
1.240659 0.000052
1.528571 0.000000
1.565934 0.000061
1.478022 0.000000
1.515385 0.000006
1.803297 0.000000
1.840659 0.000049
1.806593 0.000000
1.843956 0.000000
2.131868 0.000000
2.169231 0.000009
1.476923 0.000000
1.514286 0.001702
1.802198 0.000001
1.839560 0.015934
1.805495 0.000000
1.842857 0.000358
2.130769 0.000000
2.168132 0.000428
2.080220 0.000000
2.117582 0.000027
2.405495 0.000000
2.442857 0.000172
2.408791 0.000000
2.446154 0.000005
2.734066 0.000000
2.771429 0.000075
0.016484 0.000000
0.053846 0.000069
0.341758 0.000000
0.379121 0.000643
0.345055 0.000000
0.382418 0.000014
0.670330 0.000000
0.707692 0.000016
0.619780 0.000000
0.657143 0.000002
0.945055 0.000000
0.982418 0.000013
0.948352 0.000000
0.985714 0.000000
1.273626 0.000000
1.310989 0.000002
0.618681 0.000000
0.656044 0.000460
0.943956 0.000000
0.981319 0.004305
0.947253 0.000000
0.984615 0.000097
1.272527 0.000000
1.309890 0.000116
1.221978 0.000000
1.259341 0.000007
1.547253 0.000000
1.584615 0.000047
1.550549 0.000000
1.587912 0.000001
1.875824 0.000000
1.913187 0.000020
0.603297 0.000000
0.640659 0.000016
0.928571 0.000000
0.965934 0.000152
0.931868 0.000000
0.969231 0.000003
1.257143 0.000000
1.294505 0.000004
1.206593 0.000000
1.243956 0.000000
1.531868 0.000000
1.569231 0.000003
1.535165 0.000000
1.572527 0.000000
1.860440 0.000000
1.897802 0.000001
1.205495 0.000000
1.242857 0.000108
1.530769 0.000000
1.568132 0.001015
1.534066 0.000000
1.571429 0.000023
1.859341 0.000000
1.896703 0.000027
1.808791 0.000000
1.846154 0.000002
2.134066 0.000000
2.171429 0.000011
2.137363 0.000000
2.174725 0.000000
2.462637 0.000000
2.500000 0.000005
0.304396 0.000000
0.341758 0.000009
0.629670 0.000000
0.667033 0.000083
0.632967 0.000000
0.670330 0.000002
0.958242 0.000000
0.995604 0.000002
0.907692 0.000000
0.945055 0.000000
1.232967 0.000000
1.270330 0.000002
1.236264 0.000000
1.273626 0.000000
1.561538 0.000000
1.598901 0.000000
0.906593 0.000000
0.943956 0.000059
1.231868 0.000000
1.269231 0.000557
1.235165 0.000000
1.272527 0.000013
1.560440 0.000000
1.597802 0.000015
1.509890 0.000000
1.547253 0.000001
1.835165 0.000000
1.872527 0.000006
1.838462 0.000000
1.875824 0.000000
2.163736 0.000000
2.201099 0.000003
0.891209 0.000000
0.928571 0.000002
1.216484 0.000000
1.253846 0.000020
1.219780 0.000000
1.257143 0.000000
1.545055 0.000000
1.582418 0.000001
1.494505 0.000000
1.531868 0.000000
1.819780 0.000000
1.857143 0.000000
1.823077 0.000000
1.860440 0.000000
2.148352 0.000000
2.185714 0.000000
1.493407 0.000000
1.530769 0.000014
1.818681 0.000000
1.856044 0.000131
1.821978 0.000000
1.859341 0.000003
2.147253 0.000000
2.184615 0.000004
2.096703 0.000000
2.134066 0.000000
2.421978 0.000000
2.459341 0.000001
2.425275 0.000000
2.462637 0.000000
2.750549 0.000000
2.787912 0.000001
0.004396 0.000000
0.041758 0.000057
0.329670 0.000000
0.367033 0.000535
0.332967 0.000000
0.370330 0.000012
0.658242 0.000000
0.695604 0.000014
0.607692 0.000000
0.645055 0.000001
0.932967 0.000000
0.970330 0.000011
0.936264 0.000000
0.973626 0.000000
1.261538 0.000000
1.298901 0.000002
0.606593 0.000000
0.643956 0.000382
0.931868 0.000000
0.969231 0.003577
0.935165 0.000000
0.972527 0.000080
1.260440 0.000000
1.297802 0.000096
1.209890 0.000000
1.247253 0.000006
1.535165 0.000000
1.572527 0.000039
1.538462 0.000000
1.575824 0.000001
1.863736 0.000000
1.901099 0.000017
0.591209 0.000000
0.628571 0.000014
0.916484 0.000000
0.953846 0.000126
0.919780 0.000000
0.957143 0.000003
1.245055 0.000000
1.282418 0.000003
1.194505 0.000000
1.231868 0.000000
1.519780 0.000000
1.557143 0.000003
1.523077 0.000000
1.560440 0.000000
1.848352 0.000000
1.885714 0.000000
1.193407 0.000000
1.230769 0.000090
1.518681 0.000000
1.556044 0.000843
1.521978 0.000000
1.559341 0.000019
1.847253 0.000000
1.884615 0.000023
1.796703 0.000000
1.834066 0.000001
2.121978 0.000000
2.159341 0.000009
2.125275 0.000000
2.162637 0.000000
2.450549 0.000000
2.487912 0.000004
0.292308 0.000000
0.329670 0.000007
0.617582 0.000000
0.654945 0.000069
0.620879 0.000000
0.658242 0.000002
0.946154 0.000000
0.983516 0.000002
0.895604 0.000000
0.932967 0.000000
1.220879 0.000000
1.258242 0.000001
1.224176 0.000000
1.261538 0.000000
1.549451 0.000000
1.586813 0.000000
0.894505 0.000000
0.931868 0.000049
1.219780 0.000000
1.257143 0.000462
1.223077 0.000000
1.260440 0.000010
1.548352 0.000000
1.585714 0.000012
1.497802 0.000000
1.535165 0.000001
1.823077 0.000000
1.860440 0.000005
1.826374 0.000000
1.863736 0.000000
2.151648 0.000000
2.189011 0.000002
0.879121 0.000000
0.916484 0.000002
1.204396 0.000000
1.241758 0.000016
1.207692 0.000000
1.245055 0.000000
1.532967 0.000000
1.570330 0.000000
1.482418 0.000000
1.519780 0.000000
1.807692 0.000000
1.845055 0.000000
1.810989 0.000000
1.848352 0.000000
2.136264 0.000000
2.173626 0.000000
1.481319 0.000000
1.518681 0.000012
1.806593 0.000000
1.843956 0.000109
1.809890 0.000000
1.847253 0.000002
2.135165 0.000000
2.172527 0.000003
2.084615 0.000000
2.121978 0.000000
2.409890 0.000000
2.447253 0.000001
2.413187 0.000000
2.450549 0.000000
2.738462 0.000000
2.775824 0.000001
0.020879 0.000000
0.058242 0.000000
0.346154 0.000000
0.383516 0.000004
0.349451 0.000000
0.386813 0.000000
0.674725 0.000000
0.712088 0.000000
0.624176 0.000000
0.661538 0.000000
0.949451 0.000000
0.986813 0.000000
0.952747 0.000000
0.990110 0.000000
1.278022 0.000000
1.315385 0.000000
0.623077 0.000000
0.660440 0.000003
0.948352 0.000000
0.985714 0.000029
0.951648 0.000000
0.989011 0.000001
1.276923 0.000000
1.314286 0.000001
1.226374 0.000000
1.263736 0.000000
1.551648 0.000000
1.589011 0.000000
1.554945 0.000000
1.592308 0.000000
1.880220 0.000000
1.917582 0.000000
0.607692 0.000000
0.645055 0.000000
0.932967 0.000000
0.970330 0.000001
0.936264 0.000000
0.973626 0.000000
1.261538 0.000000
1.298901 0.000000
1.210989 0.000000
1.248352 0.000000
1.536264 0.000000
1.573626 0.000000
1.539560 0.000000
1.576923 0.000000
1.864835 0.000000
1.902198 0.000000
1.209890 0.000000
1.247253 0.000001
1.535165 0.000000
1.572527 0.000007
1.538462 0.000000
1.575824 0.000000
1.863736 0.000000
1.901099 0.000000
1.813187 0.000000
1.850549 0.000000
2.138462 0.000000
2.175824 0.000000
2.141758 0.000000
2.179121 0.000000
2.467033 0.000000
2.504396 0.000000
0.308791 0.000000
0.346154 0.000000
0.634066 0.000000
0.671429 0.000001
0.637363 0.000000
0.674725 0.000000
0.962637 0.000000
1.000000 0.000000
0.912088 0.000000
0.949451 0.000000
1.237363 0.000000
1.274725 0.000000
1.240659 0.000000
1.278022 0.000000
1.565934 0.000000
1.603297 0.000000
0.910989 0.000000
0.948352 0.000000
1.236264 0.000000
1.273626 0.000004
1.239560 0.000000
1.276923 0.000000
1.564835 0.000000
1.602198 0.000000
1.514286 0.000000
1.551648 0.000000
1.839560 0.000000
1.876923 0.000000
1.842857 0.000000
1.880220 0.000000
2.168132 0.000000
2.205495 0.000000
0.895604 0.000000
0.932967 0.000000
1.220879 0.000000
1.258242 0.000000
1.224176 0.000000
1.261538 0.000000
1.549451 0.000000
1.586813 0.000000
1.498901 0.000000
1.536264 0.000000
1.824176 0.000000
1.861538 0.000000
1.827473 0.000000
1.864835 0.000000
2.152747 0.000000
2.190110 0.000000
1.497802 0.000000
1.535165 0.000000
1.823077 0.000000
1.860440 0.000001
1.826374 0.000000
1.863736 0.000000
2.151648 0.000000
2.189011 0.000000
2.101099 0.000000
2.138462 0.000000
2.426374 0.000000
2.463736 0.000000
2.429670 0.000000
2.467033 0.000000
2.754945 0.000000
2.792308 0.000000
