0.000000 0.000051
0.057491 0.000718
0.937282 0.000529
0.994774 0.009824
0.942509 0.048753
1.000000 0.882129
1.879791 0.012046
1.937282 0.000136
0.893728 0.001069
0.951220 0.021187
1.831010 0.000486
1.888502 0.000175
1.836237 0.000306
1.893728 0.005752
2.773519 0.000102
2.831010 0.000148
0.932056 0.000002
0.989547 0.000040
1.869338 0.000002
1.926829 0.000013
1.874564 0.000061
1.932056 0.001097
2.811847 0.000016
2.869338 0.000000
1.825784 0.000040
1.883275 0.000676
2.763066 0.000009
2.820557 0.000012
2.768293 0.000088
2.825784 0.001537
3.705575 0.000017
3.763066 0.000002
0.893728 0.000007
0.951220 0.000005
1.831010 0.000040
1.888502 0.000074
1.836237 0.004033
1.893728 0.007859
2.773519 0.000498
2.831010 0.000036
1.787456 0.000087
1.844948 0.000189
2.724739 0.000019
2.782230 0.000001
2.729965 0.000027
2.787456 0.000051
3.667247 0.000006
3.724739 0.000000
1.825784 0.000000
1.883275 0.000000
2.763066 0.000000
2.820557 0.000000
2.768293 0.000005
2.825784 0.000010
3.705575 0.000001
3.763066 0.000000
2.719512 0.000003
2.777003 0.000006
3.656794 0.000000
3.714286 0.000000
3.662021 0.000007
3.719512 0.000014
4.599303 0.000001
4.656794 0.000000
