0.000000 0.000000
0.059028 0.002497
0.940972 0.000000
1.000000 0.004298
0.902778 0.000000
0.961806 0.953306
1.843750 0.000000
1.902778 0.000355
0.894097 0.000000
0.953125 0.018570
1.835069 0.000000
1.894097 0.000083
1.796875 0.000000
1.855903 0.001470
2.737847 0.000000
2.796875 0.000292
0.920139 0.000000
0.979167 0.000022
1.861111 0.000000
1.920139 0.000018
1.822917 0.000000
1.881944 0.002113
2.763889 0.000000
2.822917 0.000002
1.814236 0.000000
1.873264 0.000571
2.755208 0.000000
2.814236 0.000105
2.717014 0.000000
2.776042 0.016292
3.657986 0.000000
3.717014 0.000007
