0.000000 0.013016
0.057491 0.083840
0.937282 0.004514
0.994774 0.009996
0.942509 0.082963
1.000000 0.481513
1.879791 0.011359
1.937282 0.004765
0.893728 0.002379
0.951220 0.014959
1.831010 0.000409
1.888502 0.000935
1.836237 0.002996
1.893728 0.017331
2.773519 0.000289
2.831010 0.000053
0.932056 0.003765
0.989547 0.024233
1.869338 0.001291
1.926829 0.002848
1.874564 0.023675
1.932056 0.137382
2.811847 0.003239
2.869338 0.001351
1.825784 0.000828
1.883275 0.005192
2.763066 0.000145
2.820557 0.000311
2.768293 0.000825
2.825784 0.004746
3.705575 0.000082
3.763066 0.000011
0.893728 0.002534
0.951220 0.003223
1.831010 0.000756
1.888502 0.000439
1.836237 0.015848
1.893728 0.018620
2.773519 0.001512
2.831010 0.000265
1.787456 0.000468
1.844948 0.000580
2.724739 0.000073
2.782230 0.000045
2.729965 0.000576
2.787456 0.000673
3.667247 0.000037
3.724739 0.000005
1.825784 0.000733
1.883275 0.000932
2.763066 0.000216
2.820557 0.000125
2.768293 0.004522
2.825784 0.005313
3.705575 0.000431
3.763066 0.000075
2.719512 0.000163
2.777003 0.000201
3.656794 0.000026
3.714286 0.000015
3.662021 0.000158
3.719512 0.000184
4.599303 0.000010
4.656794 0.000001
