0.000000 0.000000
0.059028 0.029844
0.940972 0.000000
1.000000 0.005665
0.902778 0.000000
0.961806 0.813628
1.843750 0.000000
1.902778 0.025740
0.894097 0.000000
0.953125 0.025185
1.835069 0.000000
1.894097 0.002509
1.796875 0.000000
1.855903 0.072343
2.737847 0.000000
2.796875 0.002418
0.920139 0.000000
0.979167 0.000571
1.861111 0.000000
1.920139 0.000074
1.822917 0.000000
1.881944 0.009026
2.763889 0.000000
2.822917 0.000278
1.814236 0.000000
1.873264 0.002005
2.755208 0.000000
2.814236 0.000187
2.717014 0.000000
2.776042 0.010224
3.657986 0.000000
3.717014 0.000304
