32
576
1.000000
0.814542
0.000000 0.000000
0.059028 0.029843
0.940972 0.000000
1.000000 0.005665
0.902778 0.000000
0.961806 0.813629
0.000000 0.000000
0.000000 0.025740
0.894097 0.000000
0.953125 0.025184
0.000000 0.000000
0.000000 0.002509
0.000000 0.000000
0.000000 0.072344
0.000000 0.000000
0.000000 0.002418
0.920139 0.000000
0.979167 0.000571
0.000000 0.000000
0.000000 0.000074
0.000000 0.000000
0.000000 0.009025
0.000000 0.000000
0.000000 0.000278
0.000000 0.000000
0.000000 0.002005
0.000000 0.000000
0.000000 0.000187
0.000000 0.000000
0.000000 0.010223
0.000000 0.000000
0.000000 0.000304
