0.000000 0.000494
0.057491 0.009339
0.937282 0.001183
0.994774 0.007449
0.942509 0.028485
1.000000 0.815877
1.879791 0.025086
1.937282 0.001408
0.893728 0.000904
0.951220 0.023301
1.831010 0.000624
1.888502 0.000298
1.836237 0.000144
1.893728 0.003824
2.773519 0.000151
2.831010 0.000039
0.932056 0.000019
0.989547 0.000340
1.869338 0.000055
1.926829 0.000359
1.874564 0.001449
1.932056 0.041563
2.811847 0.001278
2.869338 0.000073
1.825784 0.000091
1.883275 0.002298
2.763066 0.000060
2.820557 0.000066
2.768293 0.000107
2.825784 0.002988
3.705575 0.000103
3.763066 0.000009
0.893728 0.000071
0.951220 0.000292
1.831010 0.000069
1.888502 0.000175
1.836237 0.004392
1.893728 0.021786
2.773519 0.001203
2.831010 0.000026
1.787456 0.000132
1.844948 0.000630
2.724739 0.000018
2.782230 0.000008
2.729965 0.000022
2.787456 0.000104
3.667247 0.000005
3.724739 0.000001
1.825784 0.000003
1.883275 0.000011
2.763066 0.000004
2.820557 0.000008
2.768293 0.000223
2.825784 0.001109
3.705575 0.000062
3.763066 0.000001
2.719512 0.000014
2.777003 0.000063
3.656794 0.000001
3.714286 0.000002
3.662021 0.000016
3.719512 0.000080
4.599303 0.000004
4.656794 0.000000
