0.000000 0.001202
0.057491 0.044294
0.937282 0.002078
0.994774 0.013078
0.942509 0.024241
1.000000 0.634044
1.879791 0.017038
1.937282 0.035163
0.893728 0.000450
0.951220 0.014027
1.831010 0.000296
1.888502 0.001252
1.836237 0.000578
1.893728 0.014736
2.773519 0.000327
2.831010 0.000483
0.932056 0.000245
0.989547 0.008975
1.869338 0.000416
1.926829 0.002596
1.874564 0.004823
1.932056 0.126106
2.811847 0.003391
2.869338 0.006992
1.825784 0.000118
1.883275 0.003688
2.763066 0.000084
2.820557 0.000360
2.768293 0.000177
2.825784 0.004478
3.705575 0.000108
3.763066 0.000176
0.893728 0.000377
0.951220 0.001111
1.831010 0.000306
1.888502 0.000340
1.836237 0.006332
1.893728 0.015954
2.773519 0.001832
2.831010 0.000871
1.787456 0.000133
1.844948 0.000355
2.724739 0.000041
2.782230 0.000035
2.729965 0.000151
2.787456 0.000372
3.667247 0.000033
3.724739 0.000012
1.825784 0.000077
1.883275 0.000225
2.763066 0.000061
2.820557 0.000067
2.768293 0.001260
2.825784 0.003173
3.705575 0.000364
3.763066 0.000173
2.719512 0.000035
2.777003 0.000093
3.656794 0.000012
3.714286 0.000010
3.662021 0.000046
3.719512 0.000113
4.599303 0.000011
4.656794 0.000004
