0.000000 0.000000
0.034483 0.000171
0.049569 0.000000
0.084052 0.000013
0.563578 0.000000
0.598060 0.000025
0.613147 0.000002
0.647629 0.003667
0.596983 0.000023
0.631466 0.007958
0.646552 0.000241
0.681034 0.400580
1.160560 0.000002
1.195043 0.002277
1.210129 0.000000
1.244612 0.000113
0.558190 0.000000
0.592672 0.000152
0.607759 0.000003
0.642241 0.005097
1.121767 0.000000
1.156250 0.000020
1.171336 0.000000
1.205819 0.000202
1.155172 0.000000
1.189655 0.000001
1.204741 0.000000
1.239224 0.000041
1.718750 0.000000
1.753233 0.000001
1.768319 0.000000
1.802802 0.000014
0.278017 0.000000
0.312500 0.000097
0.327586 0.000000
0.362069 0.000007
0.841595 0.000000
0.876078 0.000014
0.891164 0.000001
0.925647 0.002088
0.875000 0.000013
0.909483 0.004532
0.924569 0.000137
0.959052 0.228122
1.438578 0.000001
1.473060 0.001297
1.488147 0.000000
1.522629 0.000064
0.836207 0.000000
0.870690 0.000087
0.885776 0.000002
0.920259 0.002903
1.399784 0.000000
1.434267 0.000012
1.449353 0.000000
1.483836 0.000115
1.433190 0.000000
1.467672 0.000000
1.482759 0.000000
1.517241 0.000023
1.996767 0.000000
2.031250 0.000001
2.046336 0.000000
2.080819 0.000008
0.318966 0.000000
0.353448 0.000086
0.368534 0.000000
0.403017 0.000006
0.882543 0.000000
0.917026 0.000013
0.932112 0.000001
0.966595 0.001859
0.915948 0.000012
0.950431 0.004035
0.965517 0.000122
1.000000 0.203120
1.479526 0.000001
1.514009 0.001155
1.529095 0.000000
1.563578 0.000057
0.877155 0.000000
0.911638 0.000077
0.926724 0.000002
0.961207 0.002585
1.440733 0.000000
1.475216 0.000010
1.490302 0.000000
1.524784 0.000102
1.474138 0.000000
1.508621 0.000000
1.523707 0.000000
1.558190 0.000021
2.037716 0.000000
2.072198 0.000001
2.087284 0.000000
2.121767 0.000007
0.596983 0.000000
0.631466 0.000049
0.646552 0.000000
0.681034 0.000004
1.160560 0.000000
1.195043 0.000007
1.210129 0.000001
1.244612 0.001059
1.193966 0.000007
1.228448 0.002298
1.243534 0.000070
1.278017 0.115673
1.757543 0.000001
1.792026 0.000657
1.807112 0.000000
1.841595 0.000033
1.155172 0.000000
1.189655 0.000044
1.204741 0.000001
1.239224 0.001472
1.718750 0.000000
1.753233 0.000006
1.768319 0.000000
1.802802 0.000058
1.752155 0.000000
1.786638 0.000000
1.801724 0.000000
1.836207 0.000012
2.315733 0.000000
2.350216 0.000000
2.365302 0.000000
2.399784 0.000004
0.285560 0.000000
0.320043 0.000001
0.335129 0.000000
0.369612 0.000000
0.849138 0.000000
0.883621 0.000000
0.898707 0.000000
0.933190 0.000019
0.882543 0.000003
0.917026 0.000041
0.932112 0.000025
0.966595 0.002045
1.446121 0.000000
1.480603 0.000012
1.495690 0.000000
1.530172 0.000001
0.843750 0.000000
0.878233 0.000001
0.893319 0.000000
0.927802 0.000026
1.407328 0.000000
1.441810 0.000000
1.456897 0.000000
1.491379 0.000001
1.440733 0.000000
1.475216 0.000000
1.490302 0.000000
1.524784 0.000000
2.004310 0.000000
2.038793 0.000000
2.053879 0.000000
2.088362 0.000000
0.563578 0.000000
0.598060 0.000000
0.613147 0.000000
0.647629 0.000000
1.127155 0.000000
1.161638 0.000000
1.176724 0.000000
1.211207 0.000011
1.160560 0.000001
1.195043 0.000023
1.210129 0.000014
1.244612 0.001165
1.724138 0.000000
1.758621 0.000007
1.773707 0.000000
1.808190 0.000000
1.121767 0.000000
1.156250 0.000000
1.171336 0.000000
1.205819 0.000015
1.685345 0.000000
1.719828 0.000000
1.734914 0.000000
1.769397 0.000001
1.718750 0.000000
1.753233 0.000000
1.768319 0.000000
1.802802 0.000000
2.282328 0.000000
2.316810 0.000000
2.331897 0.000000
2.366379 0.000000
0.604526 0.000000
0.639009 0.000000
0.654095 0.000000
0.688578 0.000000
1.168103 0.000000
1.202586 0.000000
1.217672 0.000000
1.252155 0.000009
1.201509 0.000001
1.235991 0.000021
1.251078 0.000013
1.285560 0.001037
1.765086 0.000000
1.799569 0.000006
1.814655 0.000000
1.849138 0.000000
1.162716 0.000000
1.197198 0.000000
1.212284 0.000000
1.246767 0.000013
1.726293 0.000000
1.760776 0.000000
1.775862 0.000000
1.810345 0.000001
1.759698 0.000000
1.794181 0.000000
1.809267 0.000000
1.843750 0.000000
2.323276 0.000000
2.357759 0.000000
2.372845 0.000000
2.407328 0.000000
0.882543 0.000000
0.917026 0.000000
0.932112 0.000000
0.966595 0.000000
1.446121 0.000000
1.480603 0.000000
1.495690 0.000000
1.530172 0.000005
1.479526 0.000001
1.514009 0.000012
1.529095 0.000007
1.563578 0.000591
2.043103 0.000000
2.077586 0.000003
2.092672 0.000000
2.127155 0.000000
1.440733 0.000000
1.475216 0.000000
1.490302 0.000000
1.524784 0.000008
2.004310 0.000000
2.038793 0.000000
2.053879 0.000000
2.088362 0.000000
2.037716 0.000000
2.072198 0.000000
2.087284 0.000000
2.121767 0.000000
2.601293 0.000000
2.635776 0.000000
2.650862 0.000000
2.685345 0.000000
