0.000000 0.000140
0.057491 0.000033
0.937282 0.000633
0.994774 0.002603
0.942509 0.005914
1.000000 0.932475
1.879791 0.000088
1.937282 0.000002
0.893728 0.000375
0.951220 0.053549
1.831010 0.000009
1.888502 0.000169
1.836237 0.000006
1.893728 0.000001
2.773519 0.000011
2.831010 0.000187
0.932056 0.000008
0.989547 0.001354
1.869338 0.000000
1.926829 0.000018
1.874564 0.000002
1.932056 0.000150
2.811847 0.000000
2.869338 0.000012
1.825784 0.000006
1.883275 0.000324
2.763066 0.000002
2.820557 0.000001
2.768293 0.000006
2.825784 0.000837
3.705575 0.000000
3.763066 0.000012
0.893728 0.000004
0.951220 0.000000
1.831010 0.000023
1.888502 0.000002
1.836237 0.000685
1.893728 0.000171
2.773519 0.000083
2.831010 0.000044
1.787456 0.000038
1.844948 0.000010
2.724739 0.000005
2.782230 0.000002
2.729965 0.000000
2.787456 0.000000
3.667247 0.000001
3.724739 0.000000
1.825784 0.000001
1.883275 0.000000
2.763066 0.000000
2.820557 0.000000
2.768293 0.000000
2.825784 0.000000
3.705575 0.000000
3.763066 0.000000
2.719512 0.000000
2.777003 0.000000
3.656794 0.000000
3.714286 0.000000
3.662021 0.000001
3.719512 0.000000
4.599303 0.000000
4.656794 0.000000
