0.000000 0.000032
0.002852 0.000014
0.135932 0.000014
0.138783 0.000005
0.033270 0.000008
0.036122 0.000004
0.169202 0.000003
0.172053 0.000001
0.123574 0.000008
0.126426 0.000003
0.259506 0.000003
0.262357 0.000001
0.156844 0.000002
0.159696 0.000001
0.292776 0.000001
0.295627 0.000000
0.244297 0.000011
0.247148 0.000002
0.380228 0.000002
0.383080 0.000001
0.277567 0.000003
0.280418 0.000000
0.413498 0.000000
0.416350 0.000000
0.367871 0.000003
0.370722 0.000000
0.503802 0.000000
0.506654 0.000000
0.401141 0.000001
0.403992 0.000000
0.537072 0.000000
0.539924 0.000000
0.038973 0.000328
0.041825 0.000072
0.174905 0.000074
0.177757 0.000011
0.072243 0.000082
0.075095 0.000018
0.208175 0.000019
0.211027 0.000003
0.162548 0.000081
0.165399 0.000019
0.298479 0.000019
0.301331 0.000003
0.195817 0.000020
0.198669 0.000005
0.331749 0.000005
0.334601 0.000001
0.283270 0.000053
0.286122 0.000020
0.419202 0.000020
0.422053 0.000005
0.316540 0.000013
0.319392 0.000005
0.452471 0.000005
0.455323 0.000001
0.406844 0.000013
0.409696 0.000005
0.542776 0.000005
0.545627 0.000001
0.440114 0.000003
0.442966 0.000001
0.576046 0.000001
0.578897 0.000000
0.497148 0.000012
0.500000 0.000005
0.633080 0.000005
0.635932 0.000001
0.530418 0.000003
0.533270 0.000001
0.666350 0.000001
0.669202 0.000000
0.620722 0.000003
0.623574 0.000001
0.756654 0.000001
0.759506 0.000000
0.653992 0.000001
0.656844 0.000000
0.789924 0.000000
0.792776 0.000000
0.741445 0.000002
0.744297 0.000001
0.877376 0.000001
0.774715 0.000001
0.777567 0.000000
0.865019 0.000001
0.898289 0.000000
0.536122 0.000079
0.538973 0.000012
0.672053 0.000013
0.674905 0.000002
0.569392 0.000020
0.572243 0.000003
0.705323 0.000003
0.708175 0.000000
0.659696 0.000020
0.662548 0.000003
0.795627 0.000003
0.798479 0.000000
0.692966 0.000005
0.695817 0.000001
0.828897 0.000001
0.831749 0.000000
0.780418 0.000029
0.783270 0.000008
0.813688 0.000007
0.816540 0.000002
0.272814 0.000011
0.275665 0.000002
0.408745 0.000002
0.411597 0.000001
0.306084 0.000003
0.308935 0.000000
0.442015 0.000000
0.444867 0.000000
0.396388 0.000003
0.399240 0.000000
0.532319 0.000000
0.535171 0.000000
0.429658 0.000001
0.432510 0.000000
0.565589 0.000000
0.568441 0.000000
0.517110 0.000005
0.519962 0.000001
0.653042 0.000001
0.655894 0.000000
0.550380 0.000001
0.553232 0.000000
0.686312 0.000000
0.689163 0.000000
0.640684 0.000001
0.643536 0.000000
0.776616 0.000000
0.779468 0.000000
0.673954 0.000000
0.676806 0.000000
0.809886 0.000000
0.812738 0.000000
0.311787 0.000052
0.314639 0.000020
0.447719 0.000020
0.450570 0.000005
0.345057 0.000013
0.347909 0.000005
0.480989 0.000005
0.483840 0.000001
0.435361 0.000012
0.438213 0.000005
0.571293 0.000005
0.574144 0.000001
0.468631 0.000003
0.471483 0.000001
0.604563 0.000001
0.607414 0.000000
0.556084 0.000008
0.558935 0.000003
0.692015 0.000003
0.694867 0.000001
0.589354 0.000002
0.592205 0.000001
0.725285 0.000001
0.728137 0.000000
0.679658 0.000002
0.682510 0.000001
0.815589 0.000001
0.818441 0.000000
0.712928 0.000000
0.715779 0.000000
0.848859 0.000000
0.769962 0.000002
0.772814 0.000001
0.905894 0.000001
0.803232 0.000001
0.806084 0.000000
0.893536 0.000001
0.808935 0.000036
0.811787 0.000010
0.842205 0.000009
0.845057 0.000002
0.500000 0.000024
0.502852 0.000006
0.635932 0.000006
0.638783 0.000001
0.533270 0.000006
0.536122 0.000002
0.669202 0.000002
0.672053 0.000000
0.623574 0.000006
0.626426 0.000002
0.759506 0.000002
0.762357 0.000000
0.656844 0.000001
0.659696 0.000000
0.792776 0.000000
0.795627 0.000000
0.744297 0.000003
0.747148 0.000001
0.880228 0.000002
0.777567 0.000001
0.780418 0.000000
0.913498 0.000000
0.867871 0.000001
0.870722 0.000000
0.901141 0.000000
0.538973 0.000062
0.541825 0.000010
0.674905 0.000010
0.677757 0.000004
0.572243 0.000016
0.575095 0.000002
0.708175 0.000002
0.711027 0.000001
0.662548 0.000016
0.665399 0.000002
0.798479 0.000002
0.801331 0.000001
0.695817 0.000004
0.698669 0.000001
0.831749 0.000001
0.834601 0.000000
0.783270 0.000025
0.786122 0.000004
0.919202 0.000005
0.816540 0.000008
0.819392 0.000001
0.906844 0.000012
0.772814 0.000004
0.775665 0.000002
0.908745 0.000002
0.806084 0.000001
0.808935 0.000001
0.896388 0.000001
0.899240 0.000001
0.929658 0.000000
0.811787 0.000040
0.814639 0.000007
0.845057 0.000010
0.847909 0.000002
0.935361 0.000016
0.287072 0.000181
0.289924 0.000031
0.423004 0.000031
0.425856 0.000013
0.320342 0.000046
0.323194 0.000008
0.456274 0.000008
0.459125 0.000003
0.410646 0.000047
0.413498 0.000008
0.546578 0.000008
0.549430 0.000003
0.443916 0.000012
0.446768 0.000002
0.579848 0.000002
0.582700 0.000001
0.531369 0.000079
0.534221 0.000012
0.667300 0.000013
0.670152 0.000002
0.564639 0.000020
0.567490 0.000003
0.700570 0.000003
0.703422 0.000000
0.654943 0.000020
0.657795 0.000003
0.790875 0.000003
0.793726 0.000000
0.688213 0.000005
0.691065 0.000001
0.824144 0.000001
0.826996 0.000000
0.326046 0.000829
0.328897 0.000319
0.461977 0.000314
0.464829 0.000078
0.359316 0.000205
0.362167 0.000080
0.495247 0.000078
0.498099 0.000020
0.449620 0.000198
0.452471 0.000079
0.585551 0.000077
0.588403 0.000020
0.482890 0.000049
0.485741 0.000020
0.618821 0.000019
0.621673 0.000005
0.570342 0.000123
0.573194 0.000047
0.706274 0.000045
0.709125 0.000019
0.603612 0.000031
0.606464 0.000012
0.739544 0.000011
0.742395 0.000005
0.693916 0.000031
0.696768 0.000011
0.829848 0.000011
0.832700 0.000005
0.727186 0.000008
0.730038 0.000003
0.863118 0.000003
0.784221 0.000039
0.787072 0.000014
0.920152 0.000016
0.817490 0.000012
0.820342 0.000004
0.907795 0.000019
0.823194 0.000580
0.826046 0.000158
0.856464 0.000144
0.859316 0.000040
0.559886 0.000099
0.562738 0.000016
0.695817 0.000016
0.698669 0.000002
0.593156 0.000025
0.596008 0.000004
0.729087 0.000004
0.731939 0.000001
0.683460 0.000025
0.686312 0.000004
0.819392 0.000004
0.822243 0.000001
0.716730 0.000006
0.719582 0.000001
0.852662 0.000001
0.855513 0.000000
0.804183 0.000036
0.807034 0.000010
0.837452 0.000009
0.840304 0.000002
0.598859 0.000153
0.601711 0.000059
0.734791 0.000056
0.737643 0.000024
0.632129 0.000038
0.634981 0.000015
0.768061 0.000014
0.770913 0.000006
0.722433 0.000039
0.725285 0.000014
0.858365 0.000013
0.861217 0.000006
0.755703 0.000010
0.758555 0.000003
0.891635 0.000004
0.843156 0.000107
0.846008 0.000015
0.876426 0.000027
0.879278 0.000004
0.787072 0.000086
0.789924 0.000036
0.923004 0.000044
0.820342 0.000027
0.823194 0.000011
0.910646 0.000026
0.913498 0.000011
0.943916 0.000008
0.826046 0.000792
0.828897 0.000133
0.859316 0.000199
0.862167 0.000034
0.949620 0.000312
0.016160 0.000164
0.019011 0.000032
0.152091 0.000031
0.154943 0.000014
0.049430 0.000042
0.052281 0.000008
0.185361 0.000008
0.188213 0.000003
0.139734 0.000043
0.142586 0.000008
0.275665 0.000008
0.278517 0.000003
0.173004 0.000011
0.175856 0.000002
0.308935 0.000002
0.311787 0.000001
0.260456 0.000075
0.263308 0.000011
0.396388 0.000012
0.399240 0.000002
0.293726 0.000019
0.296578 0.000003
0.429658 0.000003
0.432510 0.000000
0.384030 0.000019
0.386882 0.000003
0.519962 0.000003
0.522814 0.000000
0.417300 0.000005
0.420152 0.000001
0.553232 0.000001
0.556084 0.000000
0.055133 0.000907
0.057985 0.000327
0.191065 0.000324
0.193916 0.000074
0.088403 0.000224
0.091255 0.000082
0.224335 0.000081
0.227186 0.000019
0.178707 0.000218
0.181559 0.000081
0.314639 0.000080
0.317490 0.000019
0.211977 0.000054
0.214829 0.000020
0.347909 0.000020
0.350760 0.000005
0.299430 0.000123
0.302281 0.000052
0.435361 0.000050
0.438213 0.000020
0.332700 0.000031
0.335551 0.000013
0.468631 0.000012
0.471483 0.000005
0.423004 0.000031
0.425856 0.000013
0.558935 0.000012
0.561787 0.000005
0.456274 0.000008
0.459125 0.000003
0.592205 0.000003
0.595057 0.000001
0.513308 0.000031
0.516160 0.000012
0.649240 0.000012
0.652091 0.000005
0.546578 0.000008
0.549430 0.000003
0.682510 0.000003
0.685361 0.000001
0.636882 0.000008
0.639734 0.000003
0.772814 0.000003
0.775665 0.000001
0.670152 0.000002
0.673004 0.000001
0.806084 0.000001
0.808935 0.000000
0.757605 0.000013
0.760456 0.000002
0.893536 0.000002
0.790875 0.000004
0.793726 0.000001
0.881179 0.000007
0.552281 0.000310
0.555133 0.000079
0.688213 0.000080
0.691065 0.000013
0.585551 0.000077
0.588403 0.000020
0.721483 0.000020
0.724335 0.000003
0.675856 0.000076
0.678707 0.000020
0.811787 0.000020
0.814639 0.000003
0.709125 0.000019
0.711977 0.000005
0.845057 0.000005
0.847909 0.000001
0.796578 0.000068
0.799430 0.000029
0.829848 0.000017
0.832700 0.000007
0.288973 0.000076
0.291825 0.000011
0.424905 0.000012
0.427757 0.000002
0.322243 0.000019
0.325095 0.000003
0.458175 0.000003
0.461027 0.000000
0.412548 0.000019
0.415399 0.000003
0.548479 0.000003
0.551331 0.000000
0.445817 0.000005
0.448669 0.000001
0.581749 0.000001
0.584601 0.000000
0.533270 0.000019
0.536122 0.000005
0.669202 0.000005
0.672053 0.000001
0.566540 0.000005
0.569392 0.000001
0.702471 0.000001
0.705323 0.000000
0.656844 0.000005
0.659696 0.000001
0.792776 0.000001
0.795627 0.000000
0.690114 0.000001
0.692966 0.000000
0.826046 0.000000
0.828897 0.000000
0.327947 0.000123
0.330798 0.000052
0.463878 0.000049
0.466730 0.000020
0.361217 0.000031
0.364068 0.000013
0.497148 0.000012
0.500000 0.000005
0.451521 0.000031
0.454373 0.000012
0.587452 0.000012
0.590304 0.000005
0.484791 0.000008
0.487643 0.000003
0.620722 0.000003
0.623574 0.000001
0.572243 0.000050
0.575095 0.000008
0.708175 0.000008
0.711027 0.000003
0.605513 0.000013
0.608365 0.000002
0.741445 0.000002
0.744297 0.000001
0.695817 0.000013
0.698669 0.000002
0.831749 0.000002
0.834601 0.000001
0.729087 0.000003
0.731939 0.000000
0.865019 0.000001
0.786122 0.000017
0.788973 0.000002
0.922053 0.000003
0.819392 0.000005
0.822243 0.000001
0.909696 0.000009
0.825095 0.000085
0.827947 0.000036
0.858365 0.000021
0.861217 0.000009
0.516160 0.000061
0.519011 0.000024
0.652091 0.000024
0.654943 0.000006
0.549430 0.000015
0.552281 0.000006
0.685361 0.000006
0.688213 0.000002
0.639734 0.000014
0.642586 0.000006
0.775665 0.000006
0.778517 0.000002
0.673004 0.000004
0.675856 0.000001
0.808935 0.000001
0.811787 0.000000
0.760456 0.000010
0.763308 0.000003
0.896388 0.000004
0.793726 0.000003
0.796578 0.000001
0.884030 0.000003
0.886882 0.000001
0.917300 0.000001
0.555133 0.000394
0.557985 0.000062
0.691065 0.000065
0.693916 0.000010
0.588403 0.000099
0.591255 0.000016
0.724335 0.000016
0.727186 0.000002
0.678707 0.000100
0.681559 0.000016
0.814639 0.000017
0.817490 0.000002
0.711977 0.000025
0.714829 0.000004
0.847909 0.000004
0.850760 0.000001
0.799430 0.000116
0.802281 0.000032
0.832700 0.000029
0.835551 0.000008
0.923004 0.000044
0.788973 0.000012
0.791825 0.000004
0.924905 0.000005
0.822243 0.000004
0.825095 0.000001
0.912548 0.000005
0.945817 0.000001
0.827947 0.000181
0.830798 0.000050
0.861217 0.000045
0.864068 0.000012
0.303232 0.001215
0.306084 0.000182
0.439163 0.000191
0.442015 0.000031
0.336502 0.000305
0.339354 0.000046
0.472433 0.000048
0.475285 0.000008
0.426806 0.000310
0.429658 0.000048
0.562738 0.000050
0.565589 0.000008
0.460076 0.000078
0.462928 0.000012
0.596008 0.000013
0.598859 0.000002
0.547529 0.000310
0.550380 0.000079
0.683460 0.000080
0.686312 0.000013
0.580798 0.000077
0.583650 0.000020
0.716730 0.000020
0.719582 0.000003
0.671103 0.000076
0.673954 0.000020
0.807034 0.000020
0.809886 0.000003
0.704373 0.000019
0.707224 0.000005
0.840304 0.000005
0.843156 0.000001
0.342205 0.001970
0.345057 0.000823
0.478137 0.000786
0.480989 0.000313
0.375475 0.000492
0.378327 0.000203
0.511407 0.000194
0.514259 0.000078
0.465779 0.000490
0.468631 0.000197
0.601711 0.000188
0.604563 0.000077
0.499049 0.000123
0.501901 0.000049
0.634981 0.000046
0.637833 0.000019
0.586502 0.000805
0.589354 0.000123
0.722433 0.000124
0.725285 0.000045
0.619772 0.000204
0.622624 0.000031
0.755703 0.000031
0.758555 0.000011
0.710076 0.000210
0.712928 0.000031
0.846008 0.000031
0.848859 0.000011
0.743346 0.000053
0.746198 0.000008
0.879278 0.000010
0.800380 0.000271
0.803232 0.000039
0.936312 0.000050
0.833650 0.000086
0.836502 0.000012
0.923954 0.000138
0.839354 0.001349
0.842205 0.000577
0.872624 0.000333
0.875475 0.000143
0.576046 0.000386
0.578897 0.000099
0.711977 0.000100
0.714829 0.000016
0.609316 0.000096
0.612167 0.000025
0.745247 0.000025
0.748099 0.000004
0.699620 0.000095
0.702471 0.000025
0.835551 0.000025
0.838403 0.000004
0.732890 0.000024
0.735741 0.000006
0.868821 0.000006
0.871673 0.000001
0.820342 0.000085
0.823194 0.000036
0.853612 0.000021
0.856464 0.000009
0.615019 0.001017
0.617871 0.000154
0.750951 0.000155
0.753802 0.000056
0.648289 0.000257
0.651141 0.000038
0.784221 0.000039
0.787072 0.000014
0.738593 0.000265
0.741445 0.000039
0.874525 0.000039
0.877376 0.000013
0.771863 0.000067
0.774715 0.000010
0.907795 0.000012
0.859316 0.000635
0.862167 0.000108
0.892586 0.000199
0.803232 0.000244
0.806084 0.000085
0.939163 0.000102
0.836502 0.000077
0.839354 0.000026
0.926806 0.000097
0.960076 0.000024
0.842205 0.003609
0.845057 0.000991
0.875475 0.000897
0.878327 0.000249
0.522814 0.000191
0.525665 0.000075
0.658745 0.000072
0.661597 0.000030
0.556084 0.000048
0.558935 0.000019
0.692015 0.000018
0.694867 0.000007
0.646388 0.000048
0.649240 0.000018
0.782319 0.000017
0.785171 0.000007
0.679658 0.000012
0.682510 0.000004
0.815589 0.000004
0.818441 0.000002
0.767110 0.000084
0.769962 0.000012
0.903042 0.000012
0.905894 0.000004
0.800380 0.000021
0.803232 0.000003
0.936312 0.000004
0.890684 0.000027
0.893536 0.000004
0.923954 0.000009
0.561787 0.001936
0.564639 0.000493
0.697719 0.000501
0.700570 0.000082
0.595057 0.000482
0.597909 0.000124
0.730989 0.000126
0.733840 0.000021
0.685361 0.000475
0.688213 0.000125
0.821293 0.000127
0.824144 0.000021
0.718631 0.000118
0.721483 0.000031
0.854563 0.000032
0.857414 0.000005
0.806084 0.000273
0.808935 0.000116
0.942015 0.000142
0.839354 0.000084
0.842205 0.000036
0.929658 0.000128
0.795627 0.000106
0.798479 0.000015
0.931559 0.000019
0.828897 0.000027
0.831749 0.000004
0.964829 0.000005
0.919202 0.000034
0.922053 0.000005
0.952471 0.000011
0.834601 0.000422
0.837452 0.000181
0.867871 0.000104
0.870722 0.000045
0.958175 0.000158
0.809886 0.002122
0.812738 0.000305
0.945817 0.000389
0.843156 0.000536
0.846008 0.000077
0.979087 0.000098
0.933460 0.000690
0.936312 0.000097
0.966730 0.000218
0.848859 0.008403
0.851711 0.003603
0.882129 0.002076
0.884981 0.000895
0.972433 0.003141
0.538973 0.001238
0.541825 0.000192
0.674905 0.000193
0.677757 0.000071
0.572243 0.000313
0.575095 0.000048
0.708175 0.000048
0.711027 0.000018
0.662548 0.000323
0.665399 0.000048
0.798479 0.000049
0.801331 0.000017
0.695817 0.000082
0.698669 0.000012
0.831749 0.000012
0.834601 0.000004
0.783270 0.000505
0.786122 0.000084
0.919202 0.000110
0.816540 0.000158
0.819392 0.000027
0.906844 0.000159
0.909696 0.000027
0.940114 0.000050
0.577947 0.004741
0.580798 0.001931
0.713878 0.001891
0.716730 0.000502
0.611217 0.001171
0.614068 0.000480
0.747148 0.000470
0.750000 0.000126
0.701521 0.001134
0.704373 0.000473
0.837452 0.000462
0.840304 0.000127
0.734791 0.000280
0.737643 0.000118
0.870722 0.000115
0.873574 0.000032
0.822243 0.000978
0.825095 0.000339
0.855513 0.000246
0.858365 0.000084
0.945817 0.000389
0.811787 0.000633
0.814639 0.000106
0.947719 0.000139
0.845057 0.000198
0.847909 0.000034
0.935361 0.000250
0.968631 0.000063
0.850760 0.001533
0.853612 0.000524
0.884030 0.000385
0.886882 0.000130
0.826046 0.012669
0.828897 0.002135
0.961977 0.002786
0.859316 0.003970
0.862167 0.000675
0.949620 0.004997
0.982890 0.001252
0.865019 0.030731
0.867871 0.010432
0.898289 0.007721
0.901141 0.002577
0.134981 0.000171
0.137833 0.000031
0.270913 0.000031
0.273764 0.000013
0.168251 0.000043
0.171103 0.000008
0.304183 0.000008
0.307034 0.000003
0.258555 0.000045
0.261407 0.000008
0.394487 0.000008
0.397338 0.000003
0.291825 0.000011
0.294677 0.000002
0.427757 0.000002
0.430608 0.000001
0.379278 0.000077
0.382129 0.000012
0.515209 0.000012
0.518061 0.000002
0.412548 0.000019
0.415399 0.000003
0.548479 0.000003
0.551331 0.000000
0.502852 0.000020
0.505703 0.000003
0.638783 0.000003
0.641635 0.000000
0.536122 0.000005
0.538973 0.000001
0.672053 0.000001
0.674905 0.000000
0.173954 0.000872
0.176806 0.000324
0.309886 0.000320
0.312738 0.000076
0.207224 0.000216
0.210076 0.000081
0.343156 0.000080
0.346008 0.000019
0.297529 0.000209
0.300380 0.000080
0.433460 0.000079
0.436312 0.000019
0.330798 0.000052
0.333650 0.000020
0.466730 0.000020
0.469582 0.000005
0.418251 0.000123
0.421103 0.000050
0.554183 0.000048
0.557034 0.000019
0.451521 0.000031
0.454373 0.000012
0.587452 0.000012
0.590304 0.000005
0.541825 0.000031
0.544677 0.000012
0.677757 0.000011
0.680608 0.000005
0.575095 0.000008
0.577947 0.000003
0.711027 0.000003
0.713878 0.000001
0.632129 0.000031
0.634981 0.000012
0.768061 0.000011
0.770913 0.000005
0.665399 0.000008
0.668251 0.000003
0.801331 0.000003
0.804183 0.000001
0.755703 0.000008
0.758555 0.000003
0.891635 0.000003
0.788973 0.000002
0.791825 0.000001
0.876426 0.000022
0.879278 0.000003
0.909696 0.000007
0.671103 0.000305
0.673954 0.000080
0.807034 0.000081
0.809886 0.000014
0.704373 0.000076
0.707224 0.000020
0.840304 0.000020
0.843156 0.000003
0.794677 0.000093
0.797529 0.000025
0.827947 0.000023
0.830798 0.000006
0.915399 0.000103
0.407795 0.000077
0.410646 0.000012
0.543726 0.000012
0.546578 0.000002
0.441065 0.000019
0.443916 0.000003
0.576996 0.000003
0.579848 0.000000
0.531369 0.000020
0.534221 0.000003
0.667300 0.000003
0.670152 0.000000
0.564639 0.000005
0.567490 0.000001
0.700570 0.000001
0.703422 0.000000
0.652091 0.000019
0.654943 0.000005
0.788023 0.000005
0.790875 0.000001
0.685361 0.000005
0.688213 0.000001
0.821293 0.000001
0.824144 0.000000
0.775665 0.000006
0.778517 0.000002
0.808935 0.000001
0.811787 0.000000
0.446768 0.000123
0.449620 0.000050
0.582700 0.000047
0.585551 0.000019
0.480038 0.000031
0.482890 0.000012
0.615970 0.000012
0.618821 0.000005
0.570342 0.000031
0.573194 0.000012
0.706274 0.000011
0.709125 0.000005
0.603612 0.000008
0.606464 0.000003
0.739544 0.000003
0.742395 0.000001
0.691065 0.000052
0.693916 0.000008
0.826996 0.000008
0.829848 0.000003
0.724335 0.000013
0.727186 0.000002
0.860266 0.000002
0.863118 0.000001
0.814639 0.000017
0.817490 0.000002
0.847909 0.000004
0.850760 0.000001
0.904943 0.000027
0.907795 0.000004
0.938213 0.000009
0.943916 0.000127
0.634981 0.000058
0.637833 0.000024
0.770913 0.000023
0.773764 0.000006
0.668251 0.000014
0.671103 0.000006
0.804183 0.000006
0.807034 0.000002
0.758555 0.000014
0.761407 0.000006
0.894487 0.000006
0.897338 0.000002
0.791825 0.000003
0.794677 0.000001
0.927757 0.000002
0.879278 0.000015
0.882129 0.000005
0.912548 0.000005
0.673954 0.000399
0.676806 0.000065
0.809886 0.000068
0.812738 0.000010
0.707224 0.000100
0.710076 0.000016
0.843156 0.000017
0.846008 0.000002
0.797529 0.000101
0.800380 0.000017
0.933460 0.000022
0.830798 0.000032
0.833650 0.000005
0.918251 0.000222
0.907795 0.000019
0.910646 0.000006
0.941065 0.000006
0.946768 0.000276
0.422053 0.001237
0.424905 0.000190
0.557985 0.000199
0.560837 0.000031
0.455323 0.000311
0.458175 0.000048
0.591255 0.000050
0.594106 0.000008
0.545627 0.000315
0.548479 0.000050
0.681559 0.000052
0.684411 0.000008
0.578897 0.000079
0.581749 0.000013
0.714829 0.000013
0.717681 0.000002
0.666350 0.000305
0.669202 0.000080
0.802281 0.000081
0.805133 0.000014
0.699620 0.000076
0.702471 0.000020
0.835551 0.000020
0.838403 0.000003
0.789924 0.000093
0.792776 0.000025
0.823194 0.000023
0.826046 0.000006
0.461027 0.001961
0.463878 0.000790
0.596958 0.000753
0.599810 0.000308
0.494297 0.000490
0.497148 0.000195
0.630228 0.000186
0.633080 0.000077
0.584601 0.000491
0.587452 0.000189
0.720532 0.000180
0.723384 0.000076
0.617871 0.000123
0.620722 0.000047
0.753802 0.000045
0.756654 0.000019
0.705323 0.000839
0.708175 0.000124
0.841255 0.000125
0.844106 0.000043
0.738593 0.000212
0.741445 0.000031
0.874525 0.000032
0.877376 0.000011
0.828897 0.000273
0.831749 0.000039
0.862167 0.000069
0.865019 0.000010
0.919202 0.000440
0.922053 0.000062
0.952471 0.000139
0.958175 0.002021
0.694867 0.000379
0.697719 0.000100
0.830798 0.000101
0.833650 0.000017
0.728137 0.000094
0.730989 0.000025
0.864068 0.000025
0.866920 0.000004
0.818441 0.000116
0.821293 0.000032
0.851711 0.000029
0.854563 0.000008
0.939163 0.000127
0.733840 0.001324
0.736692 0.000194
0.869772 0.000197
0.872624 0.000067
0.767110 0.000335
0.769962 0.000049
0.903042 0.000062
0.857414 0.000431
0.860266 0.000061
0.890684 0.000109
0.893536 0.000015
0.922053 0.000388
0.924905 0.000128
0.955323 0.000122
0.961027 0.005510
0.151141 0.001182
0.153992 0.000173
0.287072 0.000181
0.289924 0.000031
0.184411 0.000297
0.187262 0.000044
0.320342 0.000046
0.323194 0.000008
0.274715 0.000302
0.277567 0.000045
0.410646 0.000047
0.413498 0.000008
0.307985 0.000076
0.310837 0.000011
0.443916 0.000012
0.446768 0.000002
0.395437 0.000317
0.398289 0.000077
0.531369 0.000079
0.534221 0.000012
0.428707 0.000079
0.431559 0.000019
0.564639 0.000020
0.567490 0.000003
0.519011 0.000078
0.521863 0.000020
0.654943 0.000020
0.657795 0.000003
0.552281 0.000019
0.555133 0.000005
0.688213 0.000005
0.691065 0.000001
0.190114 0.001998
0.192966 0.000867
0.326046 0.000829
0.328897 0.000319
0.223384 0.000498
0.226236 0.000214
0.359316 0.000205
0.362167 0.000080
0.313688 0.000493
0.316540 0.000208
0.449620 0.000198
0.452471 0.000079
0.346958 0.000123
0.349810 0.000051
0.482890 0.000049
0.485741 0.000020
0.434411 0.000763
0.437262 0.000123
0.570342 0.000123
0.573194 0.000047
0.467681 0.000193
0.470532 0.000031
0.603612 0.000031
0.606464 0.000012
0.557985 0.000199
0.560837 0.000031
0.693916 0.000031
0.696768 0.000011
0.591255 0.000050
0.594106 0.000008
0.727186 0.000008
0.730038 0.000003
0.648289 0.000206
0.651141 0.000031
0.784221 0.000031
0.787072 0.000011
0.681559 0.000052
0.684411 0.000008
0.817490 0.000008
0.820342 0.000003
0.771863 0.000054
0.774715 0.000008
0.907795 0.000010
0.805133 0.000017
0.807985 0.000002
0.892586 0.000159
0.925856 0.000040
0.687262 0.000729
0.690114 0.000304
0.823194 0.000297
0.826046 0.000081
0.720532 0.000180
0.723384 0.000076
0.856464 0.000074
0.859316 0.000020
0.810837 0.000218
0.813688 0.000093
0.844106 0.000054
0.846958 0.000023
0.931559 0.000311
0.423954 0.000316
0.426806 0.000077
0.559886 0.000079
0.562738 0.000012
0.457224 0.000079
0.460076 0.000019
0.593156 0.000020
0.596008 0.000003
0.547529 0.000078
0.550380 0.000020
0.683460 0.000020
0.686312 0.000003
0.580798 0.000019
0.583650 0.000005
0.716730 0.000005
0.719582 0.000001
0.668251 0.000046
0.671103 0.000019
0.804183 0.000019
0.807034 0.000005
0.701521 0.000011
0.704373 0.000005
0.837452 0.000005
0.840304 0.000001
0.791825 0.000014
0.794677 0.000006
0.825095 0.000003
0.827947 0.000001
0.462928 0.000771
0.465779 0.000123
0.598859 0.000123
0.601711 0.000047
0.496198 0.000195
0.499049 0.000031
0.632129 0.000031
0.634981 0.000012
0.586502 0.000201
0.589354 0.000031
0.722433 0.000031
0.725285 0.000011
0.619772 0.000051
0.622624 0.000008
0.755703 0.000008
0.758555 0.000003
0.707224 0.000321
0.710076 0.000053
0.843156 0.000055
0.846008 0.000008
0.740494 0.000080
0.743346 0.000013
0.876426 0.000017
0.830798 0.000101
0.833650 0.000017
0.864068 0.000025
0.866920 0.000004
0.921103 0.001247
0.651141 0.000154
0.653992 0.000058
0.787072 0.000055
0.789924 0.000023
0.684411 0.000039
0.687262 0.000014
0.820342 0.000014
0.823194 0.000006
0.774715 0.000039
0.777567 0.000014
0.910646 0.000016
0.807985 0.000012
0.810837 0.000004
0.895437 0.000109
0.898289 0.000015
0.928707 0.000034
0.690114 0.001518
0.692966 0.000400
0.826046 0.000405
0.828897 0.000068
0.723384 0.000378
0.726236 0.000100
0.859316 0.000102
0.862167 0.000017
0.813688 0.000464
0.816540 0.000127
0.846958 0.000115
0.849810 0.000032
0.934411 0.000509
0.923954 0.000138
0.926806 0.000019
0.957224 0.000043
0.962928 0.000630
0.438213 0.005041
0.441065 0.001241
0.574144 0.001263
0.576996 0.000201
0.471483 0.001255
0.474335 0.000312
0.607414 0.000317
0.610266 0.000051
0.561787 0.001239
0.564639 0.000315
0.697719 0.000320
0.700570 0.000052
0.595057 0.000308
0.597909 0.000079
0.730989 0.000080
0.733840 0.000013
0.682510 0.000731
0.685361 0.000304
0.818441 0.000297
0.821293 0.000081
0.715779 0.000180
0.718631 0.000076
0.851711 0.000074
0.854563 0.000020
0.806084 0.000218
0.808935 0.000093
0.839354 0.000054
0.842205 0.000023
0.477186 0.012400
0.480038 0.001960
0.613118 0.001966
0.615970 0.000748
0.510456 0.003137
0.513308 0.000490
0.646388 0.000492
0.649240 0.000185
0.600760 0.003237
0.603612 0.000491
0.736692 0.000496
0.739544 0.000179
0.634030 0.000819
0.636882 0.000123
0.769962 0.000124
0.772814 0.000044
0.721483 0.005138
0.724335 0.000844
0.857414 0.000883
0.860266 0.000126
0.754753 0.001289
0.757605 0.000214
0.890684 0.000279
0.845057 0.001624
0.847909 0.000275
0.878327 0.000407
0.881179 0.000070
0.935361 0.019968
0.711027 0.001130
0.713878 0.000473
0.846958 0.000462
0.849810 0.000127
0.744297 0.000279
0.747148 0.000117
0.880228 0.000115
0.883080 0.000032
0.834601 0.000338
0.837452 0.000145
0.867871 0.000083
0.870722 0.000036
0.750000 0.008051
0.752852 0.001332
0.885932 0.001392
0.888783 0.000197
0.783270 0.002019
0.786122 0.000337
0.919202 0.000440
0.873574 0.002544
0.876426 0.000434
0.906844 0.000797
0.938213 0.002765
0.941065 0.000389
0.971483 0.000873
0.977186 0.012544
0.657795 0.001290
0.660646 0.000192
0.793726 0.000195
0.796578 0.000068
0.691065 0.000326
0.693916 0.000048
0.826996 0.000049
0.829848 0.000017
0.781369 0.000336
0.784221 0.000049
0.917300 0.000050
0.920152 0.000016
0.814639 0.000085
0.817490 0.000012
0.950570 0.000016
0.902091 0.000797
0.904943 0.000137
0.935361 0.000250
0.696768 0.004543
0.699620 0.001895
0.832700 0.001851
0.835551 0.000507
0.730038 0.001122
0.732890 0.000471
0.865970 0.000460
0.868821 0.000127
0.820342 0.001087
0.823194 0.000464
0.956274 0.000565
0.853612 0.000336
0.856464 0.000144
0.941065 0.001555
0.974335 0.000391
0.930608 0.000998
0.933460 0.000173
0.963878 0.000313
0.969582 0.002442
0.944867 0.019981
0.947719 0.003467
0.978137 0.006258
0.983840 0.048971
0.673954 0.007988
0.676806 0.001298
0.809886 0.001358
0.812738 0.000195
0.707224 0.002004
0.710076 0.000328
0.843156 0.000343
0.846008 0.000049
0.797529 0.002022
0.800380 0.000338
0.933460 0.000442
0.830798 0.000507
0.833650 0.000086
0.966730 0.000112
0.918251 0.002846
0.921103 0.000798
0.951521 0.000883
0.712928 0.012367
0.715779 0.004512
0.848859 0.004302
0.851711 0.001845
0.746198 0.003101
0.749049 0.001115
0.882129 0.001063
0.884981 0.000458
0.836502 0.003918
0.839354 0.001349
0.869772 0.000984
0.872624 0.000333
0.957224 0.013911
0.946768 0.003537
0.949620 0.000999
0.980038 0.001098
0.985741 0.017547
0.961027 0.070531
0.963878 0.020007
0.994297 0.021890
1.000000 0.352511
