0.000000 0.000002
0.034483 0.032309
0.049569 0.000000
0.084052 0.009712
0.563578 0.000000
0.598060 0.000081
0.613147 0.000000
0.647629 0.000242
0.596983 0.000014
0.631466 0.216635
0.646552 0.000001
0.681034 0.061205
1.160560 0.000001
1.195043 0.008589
1.210129 0.000000
1.244612 0.001589
0.558190 0.000000
0.592672 0.000277
0.607759 0.000000
0.642241 0.000084
1.121767 0.000000
1.156250 0.000083
1.171336 0.000000
1.205819 0.000030
1.155172 0.000001
1.189655 0.020309
1.204741 0.000000
1.239224 0.005766
1.718750 0.000000
1.753233 0.000625
1.768319 0.000000
1.802802 0.000133
0.278017 0.000001
0.312500 0.018399
0.327586 0.000000
0.362069 0.005531
0.841595 0.000000
0.876078 0.000046
0.891164 0.000000
0.925647 0.000138
0.875000 0.000008
0.909483 0.123369
0.924569 0.000000
0.959052 0.034855
1.438578 0.000000
1.473060 0.004891
1.488147 0.000000
1.522629 0.000905
0.836207 0.000000
0.870690 0.000158
0.885776 0.000000
0.920259 0.000048
1.399784 0.000000
1.434267 0.000047
1.449353 0.000000
1.483836 0.000017
1.433190 0.000001
1.467672 0.011565
1.482759 0.000000
1.517241 0.003283
1.996767 0.000000
2.031250 0.000356
2.046336 0.000000
2.080819 0.000076
0.318966 0.000001
0.353448 0.016383
0.368534 0.000000
0.403017 0.004925
0.882543 0.000000
0.917026 0.000041
0.932112 0.000000
0.966595 0.000123
0.915948 0.000007
0.950431 0.109848
0.965517 0.000000
1.000000 0.031035
1.479526 0.000000
1.514009 0.004355
1.529095 0.000000
1.563578 0.000806
0.877155 0.000000
0.911638 0.000140
0.926724 0.000000
0.961207 0.000043
1.440733 0.000000
1.475216 0.000042
1.490302 0.000000
1.524784 0.000015
1.474138 0.000001
1.508621 0.010298
1.523707 0.000000
1.558190 0.002924
2.037716 0.000000
2.072198 0.000317
2.087284 0.000000
2.121767 0.000068
0.596983 0.000001
0.631466 0.009330
0.646552 0.000000
0.681034 0.002804
1.160560 0.000000
1.195043 0.000024
1.210129 0.000000
1.244612 0.000070
1.193966 0.000004
1.228448 0.062556
1.243534 0.000000
1.278017 0.017674
1.757543 0.000000
1.792026 0.002480
1.807112 0.000000
1.841595 0.000459
1.155172 0.000000
1.189655 0.000080
1.204741 0.000000
1.239224 0.000024
1.718750 0.000000
1.753233 0.000024
1.768319 0.000000
1.802802 0.000009
1.752155 0.000000
1.786638 0.005864
1.801724 0.000000
1.836207 0.001665
2.315733 0.000000
2.350216 0.000180
2.365302 0.000000
2.399784 0.000038
0.285560 0.000000
0.320043 0.005879
0.335129 0.000000
0.369612 0.001767
0.849138 0.000000
0.883621 0.000015
0.898707 0.000000
0.933190 0.000044
0.882543 0.000003
0.917026 0.039423
0.932112 0.000000
0.966595 0.011137
1.446121 0.000000
1.480603 0.001563
1.495690 0.000000
1.530172 0.000289
0.843750 0.000000
0.878233 0.000050
0.893319 0.000000
0.927802 0.000015
1.407328 0.000000
1.441810 0.000015
1.456897 0.000000
1.491379 0.000005
1.440733 0.000000
1.475216 0.003696
1.490302 0.000000
1.524784 0.001049
2.004310 0.000000
2.038793 0.000114
2.053879 0.000000
2.088362 0.000024
0.563578 0.000000
0.598060 0.003348
0.613147 0.000000
0.647629 0.001006
1.127155 0.000000
1.161638 0.000008
1.176724 0.000000
1.211207 0.000025
1.160560 0.000002
1.195043 0.022450
1.210129 0.000000
1.244612 0.006343
1.724138 0.000000
1.758621 0.000890
1.773707 0.000000
1.808190 0.000165
1.121767 0.000000
1.156250 0.000029
1.171336 0.000000
1.205819 0.000009
1.685345 0.000000
1.719828 0.000009
1.734914 0.000000
1.769397 0.000003
1.718750 0.000000
1.753233 0.002105
1.768319 0.000000
1.802802 0.000597
2.282328 0.000000
2.316810 0.000065
2.331897 0.000000
2.366379 0.000014
0.604526 0.000000
0.639009 0.002981
0.654095 0.000000
0.688578 0.000896
1.168103 0.000000
1.202586 0.000008
1.217672 0.000000
1.252155 0.000022
1.201509 0.000002
1.235991 0.019990
1.251078 0.000000
1.285560 0.005647
1.765086 0.000000
1.799569 0.000793
1.814655 0.000000
1.849138 0.000147
1.162716 0.000000
1.197198 0.000026
1.212284 0.000000
1.246767 0.000008
1.726293 0.000000
1.760776 0.000008
1.775862 0.000000
1.810345 0.000003
1.759698 0.000000
1.794181 0.001874
1.809267 0.000000
1.843750 0.000532
2.323276 0.000000
2.357759 0.000058
2.372845 0.000000
2.407328 0.000012
0.882543 0.000000
0.917026 0.001698
0.932112 0.000000
0.966595 0.000510
1.446121 0.000000
1.480603 0.000004
1.495690 0.000000
1.530172 0.000013
1.479526 0.000001
1.514009 0.011384
1.529095 0.000000
1.563578 0.003216
2.043103 0.000000
2.077586 0.000451
2.092672 0.000000
2.127155 0.000084
1.440733 0.000000
1.475216 0.000015
1.490302 0.000000
1.524784 0.000004
2.004310 0.000000
2.038793 0.000004
2.053879 0.000000
2.088362 0.000002
2.037716 0.000000
2.072198 0.001067
2.087284 0.000000
2.121767 0.000303
2.601293 0.000000
2.635776 0.000033
2.650862 0.000000
2.685345 0.000007
