0.000000 0.000013
0.004396 0.000463
0.016484 0.000086
0.020879 0.000683
0.287912 0.000340
0.292308 0.000133
0.304396 0.001749
0.308791 0.000638
0.586813 0.000026
0.591209 0.000259
0.603297 0.000024
0.607692 0.000588
0.874725 0.000022
0.879121 0.000266
0.891209 0.000223
0.895604 0.000267
0.602198 0.000006
0.606593 0.000195
0.618681 0.000044
0.623077 0.000276
0.890110 0.000162
0.894505 0.000054
0.906593 0.000807
0.910989 0.000325
0.603297 0.000014
0.607692 0.000349
0.619780 0.000026
0.624176 0.000615
0.891209 0.000132
0.895604 0.000158
0.907692 0.000813
0.912088 0.000205
0.328571 0.000039
0.332967 0.001391
0.345055 0.000257
0.349451 0.002053
0.616484 0.001019
0.620879 0.000401
0.632967 0.005241
0.637363 0.001906
0.915385 0.000315
0.919780 0.003114
0.931868 0.000294
0.936264 0.007068
0.930769 0.000066
0.935165 0.002343
0.947253 0.000523
0.951648 0.003326
0.931868 0.000174
0.936264 0.004189
0.948352 0.000307
0.952747 0.007393
0.325275 0.000231
0.329670 0.000253
0.341758 0.001400
0.346154 0.000356
0.613187 0.002262
0.617582 0.001819
0.629670 0.007609
0.634066 0.011666
0.912088 0.000051
0.916484 0.001519
0.928571 0.000533
0.932967 0.001943
0.927473 0.000448
0.931868 0.000392
0.943956 0.002618
0.948352 0.000691
0.928571 0.000316
0.932967 0.001151
0.945055 0.002410
0.949451 0.000953
0.653846 0.001637
0.658242 0.001805
0.670330 0.009942
0.674725 0.002527
0.941758 0.016075
0.946154 0.012898
0.958242 0.054107
0.962637 0.082836
0.037363 0.000069
0.041758 0.001738
0.053846 0.000135
0.058242 0.003029
0.325275 0.000692
0.329670 0.000759
0.341758 0.004200
0.346154 0.001068
0.624176 0.000115
0.628571 0.000829
0.640659 0.000138
0.645055 0.002075
0.912088 0.000039
0.916484 0.001140
0.928571 0.000400
0.932967 0.001457
0.639560 0.000027
0.643956 0.000742
0.656044 0.000068
0.660440 0.001253
0.927473 0.000336
0.931868 0.000294
0.943956 0.001964
0.948352 0.000518
0.640659 0.000082
0.645055 0.001230
0.657143 0.000070
0.661538 0.002476
0.928571 0.000237
0.932967 0.000863
0.945055 0.001808
0.949451 0.000714
0.365934 0.000209
0.370330 0.005220
0.382418 0.000405
0.386813 0.009104
0.653846 0.002072
0.658242 0.002285
0.670330 0.012583
0.674725 0.003198
0.952747 0.001386
0.957143 0.009952
0.969231 0.001660
0.973626 0.024918
0.968132 0.000324
0.972527 0.008910
0.984615 0.000810
0.989011 0.015067
0.969231 0.000984
0.973626 0.014766
0.985714 0.000839
0.990110 0.029752
0.362637 0.000419
0.367033 0.001395
0.379121 0.003135
0.383516 0.001157
0.650549 0.005990
0.654945 0.003176
0.667033 0.022100
0.671429 0.025516
0.949451 0.000179
0.953846 0.005984
0.965934 0.000844
0.970330 0.009320
0.964835 0.000834
0.969231 0.002213
0.981319 0.005955
0.985714 0.001889
0.965934 0.000500
0.970330 0.005523
0.982418 0.004900
0.986813 0.005436
0.691209 0.002968
0.695604 0.009950
0.707692 0.022252
0.712088 0.008251
0.979121 0.042563
0.983516 0.022509
0.995604 0.157112
1.000000 0.181088
