0.000000 0.000000
0.034173 0.000000
0.021583 0.000000
0.055755 0.000001
0.044065 0.000000
0.078237 0.000000
0.065647 0.000000
0.099820 0.018386
0.156475 0.000000
0.190647 0.000000
0.178058 0.000000
0.212230 0.000038
0.200540 0.000000
0.234712 0.000000
0.222122 0.000000
0.256295 0.093860
0.496403 0.000000
0.530576 0.000000
0.517986 0.000000
0.552158 0.000000
0.540468 0.000000
0.574640 0.000000
0.562050 0.000000
0.596223 0.002973
0.652878 0.000000
0.687050 0.000000
0.674460 0.000000
0.708633 0.000002
0.696942 0.000000
0.731115 0.000000
0.718525 0.000000
0.752698 0.003815
0.240108 0.000000
0.274281 0.000000
0.261691 0.000000
0.295863 0.000001
0.284173 0.000000
0.318345 0.000000
0.305755 0.000000
0.339928 0.009977
0.396583 0.000000
0.430755 0.000000
0.418165 0.000000
0.452338 0.000020
0.440647 0.000000
0.474820 0.000000
0.462230 0.000000
0.496403 0.050930
0.736511 0.000000
0.770683 0.000000
0.758094 0.000000
0.792266 0.000000
0.780576 0.000000
0.814748 0.000000
0.802158 0.000000
0.836331 0.001613
0.892986 0.000000
0.927158 0.000000
0.914568 0.000000
0.948741 0.000001
0.937050 0.000000
0.971223 0.000000
0.958633 0.000000
0.992806 0.002070
0.469424 0.000000
0.503597 0.000000
0.491007 0.000000
0.525180 0.000001
0.513489 0.000000
0.547662 0.000000
0.535072 0.000000
0.569245 0.009572
0.625899 0.000000
0.660072 0.000000
0.647482 0.000000
0.681655 0.000020
0.669964 0.000000
0.704137 0.000000
0.691547 0.000000
0.725719 0.048864
0.965827 0.000000
1.000000 0.000000
0.987410 0.000000
1.021583 0.000000
1.009892 0.000000
1.044065 0.000000
1.031475 0.000000
1.065647 0.001548
1.122302 0.000000
1.156475 0.000000
1.143885 0.000000
1.178058 0.000001
1.166367 0.000000
1.200540 0.000000
1.187950 0.000000
1.222122 0.001986
0.709532 0.000000
0.743705 0.000000
0.731115 0.000000
0.765288 0.000000
0.753597 0.000000
0.787770 0.000000
0.775180 0.000000
0.809353 0.005194
0.866007 0.000000
0.900180 0.000000
0.887590 0.000000
0.921763 0.000011
0.910072 0.000000
0.944245 0.000000
0.931655 0.000000
0.965827 0.026515
1.205935 0.000000
1.240108 0.000000
1.227518 0.000000
1.261691 0.000000
1.250000 0.000000
1.284173 0.000000
1.271583 0.000000
1.305755 0.000840
1.362410 0.000000
1.396583 0.000000
1.383993 0.000000
1.418165 0.000000
1.406475 0.000000
1.440647 0.000000
1.428058 0.000000
1.462230 0.001078
0.234712 0.000000
0.268885 0.000000
0.256295 0.000000
0.290468 0.000001
0.278777 0.000000
0.312950 0.000000
0.300360 0.000000
0.334532 0.006743
0.391187 0.000000
0.425360 0.000000
0.412770 0.000000
0.446942 0.000014
0.435252 0.000000
0.469424 0.000000
0.456835 0.000000
0.491007 0.034423
0.731115 0.000000
0.765288 0.000000
0.752698 0.000000
0.786871 0.000000
0.775180 0.000000
0.809353 0.000000
0.796763 0.000000
0.830935 0.001090
0.887590 0.000000
0.921763 0.000000
0.909173 0.000000
0.943345 0.000001
0.931655 0.000000
0.965827 0.000000
0.953237 0.000000
0.987410 0.001399
0.474820 0.000000
0.508993 0.000000
0.496403 0.000000
0.530576 0.000000
0.518885 0.000000
0.553058 0.000000
0.540468 0.000000
0.574640 0.003659
0.631295 0.000000
0.665468 0.000000
0.652878 0.000000
0.687050 0.000008
0.675360 0.000000
0.709532 0.000000
0.696942 0.000000
0.731115 0.018679
0.971223 0.000000
1.005396 0.000000
0.992806 0.000000
1.026978 0.000000
1.015288 0.000000
1.049460 0.000000
1.036871 0.000000
1.071043 0.000592
1.127698 0.000000
1.161871 0.000000
1.149281 0.000000
1.183453 0.000000
1.171763 0.000000
1.205935 0.000000
1.193345 0.000000
1.227518 0.000759
0.704137 0.000000
0.738309 0.000000
0.725719 0.000000
0.759892 0.000000
0.748201 0.000000
0.782374 0.000000
0.769784 0.000000
0.803957 0.003511
0.860612 0.000000
0.894784 0.000000
0.882194 0.000000
0.916367 0.000007
0.904676 0.000000
0.938849 0.000000
0.926259 0.000000
0.960432 0.017921
1.200540 0.000000
1.234712 0.000000
1.222122 0.000000
1.256295 0.000000
1.244604 0.000000
1.278777 0.000000
1.266187 0.000000
1.300360 0.000568
1.357014 0.000000
1.391187 0.000000
1.378597 0.000000
1.412770 0.000000
1.401079 0.000000
1.435252 0.000000
1.422662 0.000000
1.456835 0.000728
0.944245 0.000000
0.978417 0.000000
0.965827 0.000000
1.000000 0.000000
0.988309 0.000000
1.022482 0.000000
1.009892 0.000000
1.044065 0.001905
1.100719 0.000000
1.134892 0.000000
1.122302 0.000000
1.156475 0.000004
1.144784 0.000000
1.178957 0.000000
1.166367 0.000000
1.200540 0.009724
1.440647 0.000000
1.474820 0.000000
1.462230 0.000000
1.496403 0.000000
1.484712 0.000000
1.518885 0.000000
1.506295 0.000000
1.540468 0.000308
1.597122 0.000000
1.631295 0.000000
1.618705 0.000000
1.652878 0.000000
1.641187 0.000000
1.675360 0.000000
1.662770 0.000000
1.696942 0.000395
0.464029 0.000000
0.498201 0.000000
0.485612 0.000000
0.519784 0.000001
0.508094 0.000000
0.542266 0.000000
0.529676 0.000000
0.563849 0.006698
0.620504 0.000000
0.654676 0.000000
0.642086 0.000000
0.676259 0.000014
0.664568 0.000000
0.698741 0.000000
0.686151 0.000000
0.720324 0.034194
0.960432 0.000000
0.994604 0.000000
0.982014 0.000000
1.016187 0.000000
1.004496 0.000000
1.038669 0.000000
1.026079 0.000000
1.060252 0.001083
1.116906 0.000000
1.151079 0.000000
1.138489 0.000000
1.172662 0.000001
1.160971 0.000000
1.195144 0.000000
1.182554 0.000000
1.216727 0.001390
0.704137 0.000000
0.738309 0.000000
0.725719 0.000000
0.759892 0.000000
0.748201 0.000000
0.782374 0.000000
0.769784 0.000000
0.803957 0.003635
0.860612 0.000000
0.894784 0.000000
0.882194 0.000000
0.916367 0.000007
0.904676 0.000000
0.938849 0.000000
0.926259 0.000000
0.960432 0.018555
1.200540 0.000000
1.234712 0.000000
1.222122 0.000000
1.256295 0.000000
1.244604 0.000000
1.278777 0.000000
1.266187 0.000000
1.300360 0.000588
1.357014 0.000000
1.391187 0.000000
1.378597 0.000000
1.412770 0.000000
1.401079 0.000000
1.435252 0.000000
1.422662 0.000000
1.456835 0.000754
0.933453 0.000000
0.967626 0.000000
0.955036 0.000000
0.989209 0.000000
0.977518 0.000000
1.011691 0.000000
0.999101 0.000000
1.033273 0.003487
1.089928 0.000000
1.124101 0.000000
1.111511 0.000000
1.145683 0.000007
1.133993 0.000000
1.168165 0.000000
1.155576 0.000000
1.189748 0.017802
1.429856 0.000000
1.464029 0.000000
1.451439 0.000000
1.485612 0.000000
1.473921 0.000000
1.508094 0.000000
1.495504 0.000000
1.529676 0.000564
1.586331 0.000000
1.620504 0.000000
1.607914 0.000000
1.642086 0.000000
1.630396 0.000000
1.664568 0.000000
1.651978 0.000000
1.686151 0.000724
1.173561 0.000000
1.207734 0.000000
1.195144 0.000000
1.229317 0.000000
1.217626 0.000000
1.251799 0.000000
1.239209 0.000000
1.273381 0.001892
1.330036 0.000000
1.364209 0.000000
1.351619 0.000000
1.385791 0.000004
1.374101 0.000000
1.408273 0.000000
1.395683 0.000000
1.429856 0.009660
1.669964 0.000000
1.704137 0.000000
1.691547 0.000000
1.725719 0.000000
1.714029 0.000000
1.748201 0.000000
1.735612 0.000000
1.769784 0.000306
1.826439 0.000000
1.860612 0.000000
1.848022 0.000000
1.882194 0.000000
1.870504 0.000000
1.904676 0.000000
1.892086 0.000000
1.926259 0.000393
0.698741 0.000000
0.732914 0.000000
0.720324 0.000000
0.754496 0.000000
0.742806 0.000000
0.776978 0.000000
0.764388 0.000000
0.798561 0.002457
0.855216 0.000000
0.889388 0.000000
0.876799 0.000000
0.910971 0.000005
0.899281 0.000000
0.933453 0.000000
0.920863 0.000000
0.955036 0.012541
1.195144 0.000000
1.229317 0.000000
1.216727 0.000000
1.250899 0.000000
1.239209 0.000000
1.273381 0.000000
1.260791 0.000000
1.294964 0.000397
1.351619 0.000000
1.385791 0.000000
1.373201 0.000000
1.407374 0.000000
1.395683 0.000000
1.429856 0.000000
1.417266 0.000000
1.451439 0.000510
0.938849 0.000000
0.973022 0.000000
0.960432 0.000000
0.994604 0.000000
0.982914 0.000000
1.017086 0.000000
1.004496 0.000000
1.038669 0.001333
1.095324 0.000000
1.129496 0.000000
1.116906 0.000000
1.151079 0.000003
1.139388 0.000000
1.173561 0.000000
1.160971 0.000000
1.195144 0.006805
1.435252 0.000000
1.469424 0.000000
1.456835 0.000000
1.491007 0.000000
1.479317 0.000000
1.513489 0.000000
1.500899 0.000000
1.535072 0.000216
1.591727 0.000000
1.625899 0.000000
1.613309 0.000000
1.647482 0.000000
1.635791 0.000000
1.669964 0.000000
1.657374 0.000000
1.691547 0.000277
1.168165 0.000000
1.202338 0.000000
1.189748 0.000000
1.223921 0.000000
1.212230 0.000000
1.246403 0.000000
1.233813 0.000000
1.267986 0.001279
1.324640 0.000000
1.358813 0.000000
1.346223 0.000000
1.380396 0.000003
1.368705 0.000000
1.402878 0.000000
1.390288 0.000000
1.424460 0.006529
1.664568 0.000000
1.698741 0.000000
1.686151 0.000000
1.720324 0.000000
1.708633 0.000000
1.742806 0.000000
1.730216 0.000000
1.764388 0.000207
1.821043 0.000000
1.855216 0.000000
1.842626 0.000000
1.876799 0.000000
1.865108 0.000000
1.899281 0.000000
1.886691 0.000000
1.920863 0.000265
1.408273 0.000000
1.442446 0.000000
1.429856 0.000000
1.464029 0.000000
1.452338 0.000000
1.486511 0.000000
1.473921 0.000000
1.508094 0.000694
1.564748 0.000000
1.598921 0.000000
1.586331 0.000000
1.620504 0.000001
1.608813 0.000000
1.642986 0.000000
1.630396 0.000000
1.664568 0.003543
1.904676 0.000000
1.938849 0.000000
1.926259 0.000000
1.960432 0.000000
1.948741 0.000000
1.982914 0.000000
1.970324 0.000000
2.004496 0.000112
2.061151 0.000000
2.095324 0.000000
2.082734 0.000000
2.116906 0.000000
2.105216 0.000000
2.139388 0.000000
2.126799 0.000000
2.160971 0.000144
0.247302 0.000000
0.281475 0.000000
0.268885 0.000000
0.303058 0.000000
0.291367 0.000000
0.325540 0.000000
0.312950 0.000000
0.347122 0.005402
0.403777 0.000000
0.437950 0.000000
0.425360 0.000000
0.459532 0.000011
0.447842 0.000000
0.482014 0.000000
0.469424 0.000000
0.503597 0.027575
0.743705 0.000000
0.777878 0.000000
0.765288 0.000000
0.799460 0.000000
0.787770 0.000000
0.821942 0.000000
0.809353 0.000000
0.843525 0.000873
0.900180 0.000000
0.934353 0.000000
0.921763 0.000000
0.955935 0.000001
0.944245 0.000000
0.978417 0.000000
0.965827 0.000000
1.000000 0.001121
0.487410 0.000000
0.521583 0.000000
0.508993 0.000000
0.543165 0.000000
0.531475 0.000000
0.565647 0.000000
0.553058 0.000000
0.587230 0.002931
0.643885 0.000000
0.678058 0.000000
0.665468 0.000000
0.699640 0.000006
0.687950 0.000000
0.722122 0.000000
0.709532 0.000000
0.743705 0.014963
0.983813 0.000000
1.017986 0.000000
1.005396 0.000000
1.039568 0.000000
1.027878 0.000000
1.062050 0.000000
1.049460 0.000000
1.083633 0.000474
1.140288 0.000000
1.174460 0.000000
1.161871 0.000000
1.196043 0.000000
1.184353 0.000000
1.218525 0.000000
1.205935 0.000000
1.240108 0.000608
0.716727 0.000000
0.750899 0.000000
0.738309 0.000000
0.772482 0.000000
0.760791 0.000000
0.794964 0.000000
0.782374 0.000000
0.816547 0.002812
0.873201 0.000000
0.907374 0.000000
0.894784 0.000000
0.928957 0.000006
0.917266 0.000000
0.951439 0.000000
0.938849 0.000000
0.973022 0.014356
1.213129 0.000000
1.247302 0.000000
1.234712 0.000000
1.268885 0.000000
1.257194 0.000000
1.291367 0.000000
1.278777 0.000000
1.312950 0.000455
1.369604 0.000000
1.403777 0.000000
1.391187 0.000000
1.425360 0.000000
1.413669 0.000000
1.447842 0.000000
1.435252 0.000000
1.469424 0.000584
0.956835 0.000000
0.991007 0.000000
0.978417 0.000000
1.012590 0.000000
1.000899 0.000000
1.035072 0.000000
1.022482 0.000000
1.056655 0.001526
1.113309 0.000000
1.147482 0.000000
1.134892 0.000000
1.169065 0.000003
1.157374 0.000000
1.191547 0.000000
1.178957 0.000000
1.213129 0.007790
1.453237 0.000000
1.487410 0.000000
1.474820 0.000000
1.508993 0.000000
1.497302 0.000000
1.531475 0.000000
1.518885 0.000000
1.553058 0.000247
1.609712 0.000000
1.643885 0.000000
1.631295 0.000000
1.665468 0.000000
1.653777 0.000000
1.687950 0.000000
1.675360 0.000000
1.709532 0.000317
0.482014 0.000000
0.516187 0.000000
0.503597 0.000000
0.537770 0.000000
0.526079 0.000000
0.560252 0.000000
0.547662 0.000000
0.581835 0.001981
0.638489 0.000000
0.672662 0.000000
0.660072 0.000000
0.694245 0.000004
0.682554 0.000000
0.716727 0.000000
0.704137 0.000000
0.738309 0.010113
0.978417 0.000000
1.012590 0.000000
1.000000 0.000000
1.034173 0.000000
1.022482 0.000000
1.056655 0.000000
1.044065 0.000000
1.078237 0.000320
1.134892 0.000000
1.169065 0.000000
1.156475 0.000000
1.190647 0.000000
1.178957 0.000000
1.213129 0.000000
1.200540 0.000000
1.234712 0.000411
0.722122 0.000000
0.756295 0.000000
0.743705 0.000000
0.777878 0.000000
0.766187 0.000000
0.800360 0.000000
0.787770 0.000000
0.821942 0.001075
0.878597 0.000000
0.912770 0.000000
0.900180 0.000000
0.934353 0.000002
0.922662 0.000000
0.956835 0.000000
0.944245 0.000000
0.978417 0.005488
1.218525 0.000000
1.252698 0.000000
1.240108 0.000000
1.274281 0.000000
1.262590 0.000000
1.296763 0.000000
1.284173 0.000000
1.318345 0.000174
1.375000 0.000000
1.409173 0.000000
1.396583 0.000000
1.430755 0.000000
1.419065 0.000000
1.453237 0.000000
1.440647 0.000000
1.474820 0.000223
0.951439 0.000000
0.985612 0.000000
0.973022 0.000000
1.007194 0.000000
0.995504 0.000000
1.029676 0.000000
1.017086 0.000000
1.051259 0.001031
1.107914 0.000000
1.142086 0.000000
1.129496 0.000000
1.163669 0.000002
1.151978 0.000000
1.186151 0.000000
1.173561 0.000000
1.207734 0.005265
1.447842 0.000000
1.482014 0.000000
1.469424 0.000000
1.503597 0.000000
1.491906 0.000000
1.526079 0.000000
1.513489 0.000000
1.547662 0.000167
1.604317 0.000000
1.638489 0.000000
1.625899 0.000000
1.660072 0.000000
1.648381 0.000000
1.682554 0.000000
1.669964 0.000000
1.704137 0.000214
1.191547 0.000000
1.225719 0.000000
1.213129 0.000000
1.247302 0.000000
1.235612 0.000000
1.269784 0.000000
1.257194 0.000000
1.291367 0.000560
1.348022 0.000000
1.382194 0.000000
1.369604 0.000000
1.403777 0.000001
1.392086 0.000000
1.426259 0.000000
1.413669 0.000000
1.447842 0.002857
1.687950 0.000000
1.722122 0.000000
1.709532 0.000000
1.743705 0.000000
1.732014 0.000000
1.766187 0.000000
1.753597 0.000000
1.787770 0.000090
1.844424 0.000000
1.878597 0.000000
1.866007 0.000000
1.900180 0.000000
1.888489 0.000000
1.922662 0.000000
1.910072 0.000000
1.944245 0.000116
0.711331 0.000000
0.745504 0.000000
0.732914 0.000000
0.767086 0.000000
0.755396 0.000000
0.789568 0.000000
0.776978 0.000000
0.811151 0.001968
0.867806 0.000000
0.901978 0.000000
0.889388 0.000000
0.923561 0.000004
0.911871 0.000000
0.946043 0.000000
0.933453 0.000000
0.967626 0.010046
1.207734 0.000000
1.241906 0.000000
1.229317 0.000000
1.263489 0.000000
1.251799 0.000000
1.285971 0.000000
1.273381 0.000000
1.307554 0.000318
1.364209 0.000000
1.398381 0.000000
1.385791 0.000000
1.419964 0.000000
1.408273 0.000000
1.442446 0.000000
1.429856 0.000000
1.464029 0.000408
0.951439 0.000000
0.985612 0.000000
0.973022 0.000000
1.007194 0.000000
0.995504 0.000000
1.029676 0.000000
1.017086 0.000000
1.051259 0.001068
1.107914 0.000000
1.142086 0.000000
1.129496 0.000000
1.163669 0.000002
1.151978 0.000000
1.186151 0.000000
1.173561 0.000000
1.207734 0.005451
1.447842 0.000000
1.482014 0.000000
1.469424 0.000000
1.503597 0.000000
1.491906 0.000000
1.526079 0.000000
1.513489 0.000000
1.547662 0.000173
1.604317 0.000000
1.638489 0.000000
1.625899 0.000000
1.660072 0.000000
1.648381 0.000000
1.682554 0.000000
1.669964 0.000000
1.704137 0.000222
1.180755 0.000000
1.214928 0.000000
1.202338 0.000000
1.236511 0.000000
1.224820 0.000000
1.258993 0.000000
1.246403 0.000000
1.280576 0.001025
1.337230 0.000000
1.371403 0.000000
1.358813 0.000000
1.392986 0.000002
1.381295 0.000000
1.415468 0.000000
1.402878 0.000000
1.437050 0.005230
1.677158 0.000000
1.711331 0.000000
1.698741 0.000000
1.732914 0.000000
1.721223 0.000000
1.755396 0.000000
1.742806 0.000000
1.776978 0.000166
1.833633 0.000000
1.867806 0.000000
1.855216 0.000000
1.889388 0.000000
1.877698 0.000000
1.911871 0.000000
1.899281 0.000000
1.933453 0.000213
1.420863 0.000000
1.455036 0.000000
1.442446 0.000000
1.476619 0.000000
1.464928 0.000000
1.499101 0.000000
1.486511 0.000000
1.520683 0.000556
1.577338 0.000000
1.611511 0.000000
1.598921 0.000000
1.633094 0.000001
1.621403 0.000000
1.655576 0.000000
1.642986 0.000000
1.677158 0.002838
1.917266 0.000000
1.951439 0.000000
1.938849 0.000000
1.973022 0.000000
1.961331 0.000000
1.995504 0.000000
1.982914 0.000000
2.017086 0.000090
2.073741 0.000000
2.107914 0.000000
2.095324 0.000000
2.129496 0.000000
2.117806 0.000000
2.151978 0.000000
2.139388 0.000000
2.173561 0.000115
0.946043 0.000000
0.980216 0.000000
0.967626 0.000000
1.001799 0.000000
0.990108 0.000000
1.024281 0.000000
1.011691 0.000000
1.045863 0.000722
1.102518 0.000000
1.136691 0.000000
1.124101 0.000000
1.158273 0.000001
1.146583 0.000000
1.180755 0.000000
1.168165 0.000000
1.202338 0.003684
1.442446 0.000000
1.476619 0.000000
1.464029 0.000000
1.498201 0.000000
1.486511 0.000000
1.520683 0.000000
1.508094 0.000000
1.542266 0.000117
1.598921 0.000000
1.633094 0.000000
1.620504 0.000000
1.654676 0.000000
1.642986 0.000000
1.677158 0.000000
1.664568 0.000000
1.698741 0.000150
1.186151 0.000000
1.220324 0.000000
1.207734 0.000000
1.241906 0.000000
1.230216 0.000000
1.264388 0.000000
1.251799 0.000000
1.285971 0.000392
1.342626 0.000000
1.376799 0.000000
1.364209 0.000000
1.398381 0.000001
1.386691 0.000000
1.420863 0.000000
1.408273 0.000000
1.442446 0.001999
1.682554 0.000000
1.716727 0.000000
1.704137 0.000000
1.738309 0.000000
1.726619 0.000000
1.760791 0.000000
1.748201 0.000000
1.782374 0.000063
1.839029 0.000000
1.873201 0.000000
1.860612 0.000000
1.894784 0.000000
1.883094 0.000000
1.917266 0.000000
1.904676 0.000000
1.938849 0.000081
1.415468 0.000000
1.449640 0.000000
1.437050 0.000000
1.471223 0.000000
1.459532 0.000000
1.493705 0.000000
1.481115 0.000000
1.515288 0.000376
1.571942 0.000000
1.606115 0.000000
1.593525 0.000000
1.627698 0.000001
1.616007 0.000000
1.650180 0.000000
1.637590 0.000000
1.671763 0.001918
1.911871 0.000000
1.946043 0.000000
1.933453 0.000000
1.967626 0.000000
1.955935 0.000000
1.990108 0.000000
1.977518 0.000000
2.011691 0.000061
2.068345 0.000000
2.102518 0.000000
2.089928 0.000000
2.124101 0.000000
2.112410 0.000000
2.146583 0.000000
2.133993 0.000000
2.168165 0.000078
1.655576 0.000000
1.689748 0.000000
1.677158 0.000000
1.711331 0.000000
1.699640 0.000000
1.733813 0.000000
1.721223 0.000000
1.755396 0.000204
1.812050 0.000000
1.846223 0.000000
1.833633 0.000000
1.867806 0.000000
1.856115 0.000000
1.890288 0.000000
1.877698 0.000000
1.911871 0.001041
2.151978 0.000000
2.186151 0.000000
2.173561 0.000000
2.207734 0.000000
2.196043 0.000000
2.230216 0.000000
2.217626 0.000000
2.251799 0.000033
2.308453 0.000000
2.342626 0.000000
2.330036 0.000000
2.364209 0.000000
2.352518 0.000000
2.386691 0.000000
2.374101 0.000000
2.408273 0.000042
0.132194 0.000000
0.166367 0.000000
0.153777 0.000000
0.187950 0.000000
0.176259 0.000000
0.210432 0.000000
0.197842 0.000000
0.232014 0.004408
0.288669 0.000000
0.322842 0.000000
0.310252 0.000000
0.344424 0.000009
0.332734 0.000000
0.366906 0.000000
0.354317 0.000000
0.388489 0.022503
0.628597 0.000000
0.662770 0.000000
0.650180 0.000000
0.684353 0.000000
0.672662 0.000000
0.706835 0.000000
0.694245 0.000000
0.728417 0.000713
0.785072 0.000000
0.819245 0.000000
0.806655 0.000000
0.840827 0.000000
0.829137 0.000000
0.863309 0.000000
0.850719 0.000000
0.884892 0.000915
0.372302 0.000000
0.406475 0.000000
0.393885 0.000000
0.428058 0.000000
0.416367 0.000000
0.450540 0.000000
0.437950 0.000000
0.472122 0.002392
0.528777 0.000000
0.562950 0.000000
0.550360 0.000000
0.584532 0.000005
0.572842 0.000000
0.607014 0.000000
0.594424 0.000000
0.628597 0.012211
0.868705 0.000000
0.902878 0.000000
0.890288 0.000000
0.924460 0.000000
0.912770 0.000000
0.946942 0.000000
0.934353 0.000000
0.968525 0.000387
1.025180 0.000000
1.059353 0.000000
1.046763 0.000000
1.080935 0.000000
1.069245 0.000000
1.103417 0.000000
1.090827 0.000000
1.125000 0.000496
0.601619 0.000000
0.635791 0.000000
0.623201 0.000000
0.657374 0.000000
0.645683 0.000000
0.679856 0.000000
0.667266 0.000000
0.701439 0.002295
0.758094 0.000000
0.792266 0.000000
0.779676 0.000000
0.813849 0.000005
0.802158 0.000000
0.836331 0.000000
0.823741 0.000000
0.857914 0.011715
1.098022 0.000000
1.132194 0.000000
1.119604 0.000000
1.153777 0.000000
1.142086 0.000000
1.176259 0.000000
1.163669 0.000000
1.197842 0.000371
1.254496 0.000000
1.288669 0.000000
1.276079 0.000000
1.310252 0.000000
1.298561 0.000000
1.332734 0.000000
1.320144 0.000000
1.354317 0.000476
0.841727 0.000000
0.875899 0.000000
0.863309 0.000000
0.897482 0.000000
0.885791 0.000000
0.919964 0.000000
0.907374 0.000000
0.941547 0.001245
0.998201 0.000000
1.032374 0.000000
1.019784 0.000000
1.053957 0.000003
1.042266 0.000000
1.076439 0.000000
1.063849 0.000000
1.098022 0.006357
1.338129 0.000000
1.372302 0.000000
1.359712 0.000000
1.393885 0.000000
1.382194 0.000000
1.416367 0.000000
1.403777 0.000000
1.437950 0.000201
1.494604 0.000000
1.528777 0.000000
1.516187 0.000000
1.550360 0.000000
1.538669 0.000000
1.572842 0.000000
1.560252 0.000000
1.594424 0.000258
0.366906 0.000000
0.401079 0.000000
0.388489 0.000000
0.422662 0.000000
0.410971 0.000000
0.445144 0.000000
0.432554 0.000000
0.466727 0.001617
0.523381 0.000000
0.557554 0.000000
0.544964 0.000000
0.579137 0.000003
0.567446 0.000000
0.601619 0.000000
0.589029 0.000000
0.623201 0.008253
0.863309 0.000000
0.897482 0.000000
0.884892 0.000000
0.919065 0.000000
0.907374 0.000000
0.941547 0.000000
0.928957 0.000000
0.963129 0.000261
1.019784 0.000000
1.053957 0.000000
1.041367 0.000000
1.075540 0.000000
1.063849 0.000000
1.098022 0.000000
1.085432 0.000000
1.119604 0.000335
0.607014 0.000000
0.641187 0.000000
0.628597 0.000000
0.662770 0.000000
0.651079 0.000000
0.685252 0.000000
0.672662 0.000000
0.706835 0.000877
0.763489 0.000000
0.797662 0.000000
0.785072 0.000000
0.819245 0.000002
0.807554 0.000000
0.841727 0.000000
0.829137 0.000000
0.863309 0.004478
1.103417 0.000000
1.137590 0.000000
1.125000 0.000000
1.159173 0.000000
1.147482 0.000000
1.181655 0.000000
1.169065 0.000000
1.203237 0.000142
1.259892 0.000000
1.294065 0.000000
1.281475 0.000000
1.315647 0.000000
1.303957 0.000000
1.338129 0.000000
1.325540 0.000000
1.359712 0.000182
0.836331 0.000000
0.870504 0.000000
0.857914 0.000000
0.892086 0.000000
0.880396 0.000000
0.914568 0.000000
0.901978 0.000000
0.936151 0.000842
0.992806 0.000000
1.026978 0.000000
1.014388 0.000000
1.048561 0.000002
1.036871 0.000000
1.071043 0.000000
1.058453 0.000000
1.092626 0.004297
1.332734 0.000000
1.366906 0.000000
1.354317 0.000000
1.388489 0.000000
1.376799 0.000000
1.410971 0.000000
1.398381 0.000000
1.432554 0.000136
1.489209 0.000000
1.523381 0.000000
1.510791 0.000000
1.544964 0.000000
1.533273 0.000000
1.567446 0.000000
1.554856 0.000000
1.589029 0.000175
1.076439 0.000000
1.110612 0.000000
1.098022 0.000000
1.132194 0.000000
1.120504 0.000000
1.154676 0.000000
1.142086 0.000000
1.176259 0.000457
1.232914 0.000000
1.267086 0.000000
1.254496 0.000000
1.288669 0.000001
1.276978 0.000000
1.311151 0.000000
1.298561 0.000000
1.332734 0.002331
1.572842 0.000000
1.607014 0.000000
1.594424 0.000000
1.628597 0.000000
1.616906 0.000000
1.651079 0.000000
1.638489 0.000000
1.672662 0.000074
1.729317 0.000000
1.763489 0.000000
1.750899 0.000000
1.785072 0.000000
1.773381 0.000000
1.807554 0.000000
1.794964 0.000000
1.829137 0.000095
0.596223 0.000000
0.630396 0.000000
0.617806 0.000000
0.651978 0.000000
0.640288 0.000000
0.674460 0.000000
0.661871 0.000000
0.696043 0.001606
0.752698 0.000000
0.786871 0.000000
0.774281 0.000000
0.808453 0.000003
0.796763 0.000000
0.830935 0.000000
0.818345 0.000000
0.852518 0.008198
1.092626 0.000000
1.126799 0.000000
1.114209 0.000000
1.148381 0.000000
1.136691 0.000000
1.170863 0.000000
1.158273 0.000000
1.192446 0.000260
1.249101 0.000000
1.283273 0.000000
1.270683 0.000000
1.304856 0.000000
1.293165 0.000000
1.327338 0.000000
1.314748 0.000000
1.348921 0.000333
0.836331 0.000000
0.870504 0.000000
0.857914 0.000000
0.892086 0.000000
0.880396 0.000000
0.914568 0.000000
0.901978 0.000000
0.936151 0.000871
0.992806 0.000000
1.026978 0.000000
1.014388 0.000000
1.048561 0.000002
1.036871 0.000000
1.071043 0.000000
1.058453 0.000000
1.092626 0.004449
1.332734 0.000000
1.366906 0.000000
1.354317 0.000000
1.388489 0.000000
1.376799 0.000000
1.410971 0.000000
1.398381 0.000000
1.432554 0.000141
1.489209 0.000000
1.523381 0.000000
1.510791 0.000000
1.544964 0.000000
1.533273 0.000000
1.567446 0.000000
1.554856 0.000000
1.589029 0.000181
1.065647 0.000000
1.099820 0.000000
1.087230 0.000000
1.121403 0.000000
1.109712 0.000000
1.143885 0.000000
1.131295 0.000000
1.165468 0.000836
1.222122 0.000000
1.256295 0.000000
1.243705 0.000000
1.277878 0.000002
1.266187 0.000000
1.300360 0.000000
1.287770 0.000000
1.321942 0.004268
1.562050 0.000000
1.596223 0.000000
1.583633 0.000000
1.617806 0.000000
1.606115 0.000000
1.640288 0.000000
1.627698 0.000000
1.661871 0.000135
1.718525 0.000000
1.752698 0.000000
1.740108 0.000000
1.774281 0.000000
1.762590 0.000000
1.796763 0.000000
1.784173 0.000000
1.818345 0.000173
1.305755 0.000000
1.339928 0.000000
1.327338 0.000000
1.361511 0.000000
1.349820 0.000000
1.383993 0.000000
1.371403 0.000000
1.405576 0.000454
1.462230 0.000000
1.496403 0.000000
1.483813 0.000000
1.517986 0.000001
1.506295 0.000000
1.540468 0.000000
1.527878 0.000000
1.562050 0.002316
1.802158 0.000000
1.836331 0.000000
1.823741 0.000000
1.857914 0.000000
1.846223 0.000000
1.880396 0.000000
1.867806 0.000000
1.901978 0.000073
1.958633 0.000000
1.992806 0.000000
1.980216 0.000000
2.014388 0.000000
2.002698 0.000000
2.036871 0.000000
2.024281 0.000000
2.058453 0.000094
0.830935 0.000000
0.865108 0.000000
0.852518 0.000000
0.886691 0.000000
0.875000 0.000000
0.909173 0.000000
0.896583 0.000000
0.930755 0.000589
0.987410 0.000000
1.021583 0.000000
1.008993 0.000000
1.043165 0.000001
1.031475 0.000000
1.065647 0.000000
1.053058 0.000000
1.087230 0.003007
1.327338 0.000000
1.361511 0.000000
1.348921 0.000000
1.383094 0.000000
1.371403 0.000000
1.405576 0.000000
1.392986 0.000000
1.427158 0.000095
1.483813 0.000000
1.517986 0.000000
1.505396 0.000000
1.539568 0.000000
1.527878 0.000000
1.562050 0.000000
1.549460 0.000000
1.583633 0.000122
1.071043 0.000000
1.105216 0.000000
1.092626 0.000000
1.126799 0.000000
1.115108 0.000000
1.149281 0.000000
1.136691 0.000000
1.170863 0.000320
1.227518 0.000000
1.261691 0.000000
1.249101 0.000000
1.283273 0.000001
1.271583 0.000000
1.305755 0.000000
1.293165 0.000000
1.327338 0.001632
1.567446 0.000000
1.601619 0.000000
1.589029 0.000000
1.623201 0.000000
1.611511 0.000000
1.645683 0.000000
1.633094 0.000000
1.667266 0.000052
1.723921 0.000000
1.758094 0.000000
1.745504 0.000000
1.779676 0.000000
1.767986 0.000000
1.802158 0.000000
1.789568 0.000000
1.823741 0.000066
1.300360 0.000000
1.334532 0.000000
1.321942 0.000000
1.356115 0.000000
1.344424 0.000000
1.378597 0.000000
1.366007 0.000000
1.400180 0.000307
1.456835 0.000000
1.491007 0.000000
1.478417 0.000000
1.512590 0.000001
1.500899 0.000000
1.535072 0.000000
1.522482 0.000000
1.556655 0.001565
1.796763 0.000000
1.830935 0.000000
1.818345 0.000000
1.852518 0.000000
1.840827 0.000000
1.875000 0.000000
1.862410 0.000000
1.896583 0.000050
1.953237 0.000000
1.987410 0.000000
1.974820 0.000000
2.008993 0.000000
1.997302 0.000000
2.031475 0.000000
2.018885 0.000000
2.053058 0.000064
1.540468 0.000000
1.574640 0.000000
1.562050 0.000000
1.596223 0.000000
1.584532 0.000000
1.618705 0.000000
1.606115 0.000000
1.640288 0.000166
1.696942 0.000000
1.731115 0.000000
1.718525 0.000000
1.752698 0.000000
1.741007 0.000000
1.775180 0.000000
1.762590 0.000000
1.796763 0.000849
2.036871 0.000000
2.071043 0.000000
2.058453 0.000000
2.092626 0.000000
2.080935 0.000000
2.115108 0.000000
2.102518 0.000000
2.136691 0.000027
2.193345 0.000000
2.227518 0.000000
2.214928 0.000000
2.249101 0.000000
2.237410 0.000000
2.271583 0.000000
2.258993 0.000000
2.293165 0.000035
0.379496 0.000000
0.413669 0.000000
0.401079 0.000000
0.435252 0.000000
0.423561 0.000000
0.457734 0.000000
0.445144 0.000000
0.479317 0.001295
0.535971 0.000000
0.570144 0.000000
0.557554 0.000000
0.591727 0.000003
0.580036 0.000000
0.614209 0.000000
0.601619 0.000000
0.635791 0.006611
0.875899 0.000000
0.910072 0.000000
0.897482 0.000000
0.931655 0.000000
0.919964 0.000000
0.954137 0.000000
0.941547 0.000000
0.975719 0.000209
1.032374 0.000000
1.066547 0.000000
1.053957 0.000000
1.088129 0.000000
1.076439 0.000000
1.110612 0.000000
1.098022 0.000000
1.132194 0.000269
0.619604 0.000000
0.653777 0.000000
0.641187 0.000000
0.675360 0.000000
0.663669 0.000000
0.697842 0.000000
0.685252 0.000000
0.719424 0.000703
0.776079 0.000000
0.810252 0.000000
0.797662 0.000000
0.831835 0.000001
0.820144 0.000000
0.854317 0.000000
0.841727 0.000000
0.875899 0.003587
1.116007 0.000000
1.150180 0.000000
1.137590 0.000000
1.171763 0.000000
1.160072 0.000000
1.194245 0.000000
1.181655 0.000000
1.215827 0.000114
1.272482 0.000000
1.306655 0.000000
1.294065 0.000000
1.328237 0.000000
1.316547 0.000000
1.350719 0.000000
1.338129 0.000000
1.372302 0.000146
0.848921 0.000000
0.883094 0.000000
0.870504 0.000000
0.904676 0.000000
0.892986 0.000000
0.927158 0.000000
0.914568 0.000000
0.948741 0.000674
1.005396 0.000000
1.039568 0.000000
1.026978 0.000000
1.061151 0.000001
1.049460 0.000000
1.083633 0.000000
1.071043 0.000000
1.105216 0.003442
1.345324 0.000000
1.379496 0.000000
1.366906 0.000000
1.401079 0.000000
1.389388 0.000000
1.423561 0.000000
1.410971 0.000000
1.445144 0.000109
1.501799 0.000000
1.535971 0.000000
1.523381 0.000000
1.557554 0.000000
1.545863 0.000000
1.580036 0.000000
1.567446 0.000000
1.601619 0.000140
1.089029 0.000000
1.123201 0.000000
1.110612 0.000000
1.144784 0.000000
1.133094 0.000000
1.167266 0.000000
1.154676 0.000000
1.188849 0.000366
1.245504 0.000000
1.279676 0.000000
1.267086 0.000000
1.301259 0.000001
1.289568 0.000000
1.323741 0.000000
1.311151 0.000000
1.345324 0.001868
1.585432 0.000000
1.619604 0.000000
1.607014 0.000000
1.641187 0.000000
1.629496 0.000000
1.663669 0.000000
1.651079 0.000000
1.685252 0.000059
1.741906 0.000000
1.776079 0.000000
1.763489 0.000000
1.797662 0.000000
1.785971 0.000000
1.820144 0.000000
1.807554 0.000000
1.841727 0.000076
0.614209 0.000000
0.648381 0.000000
0.635791 0.000000
0.669964 0.000000
0.658273 0.000000
0.692446 0.000000
0.679856 0.000000
0.714029 0.000475
0.770683 0.000000
0.804856 0.000000
0.792266 0.000000
0.826439 0.000001
0.814748 0.000000
0.848921 0.000000
0.836331 0.000000
0.870504 0.002425
1.110612 0.000000
1.144784 0.000000
1.132194 0.000000
1.166367 0.000000
1.154676 0.000000
1.188849 0.000000
1.176259 0.000000
1.210432 0.000077
1.267086 0.000000
1.301259 0.000000
1.288669 0.000000
1.322842 0.000000
1.311151 0.000000
1.345324 0.000000
1.332734 0.000000
1.366906 0.000099
0.854317 0.000000
0.888489 0.000000
0.875899 0.000000
0.910072 0.000000
0.898381 0.000000
0.932554 0.000000
0.919964 0.000000
0.954137 0.000258
1.010791 0.000000
1.044964 0.000000
1.032374 0.000000
1.066547 0.000001
1.054856 0.000000
1.089029 0.000000
1.076439 0.000000
1.110612 0.001316
1.350719 0.000000
1.384892 0.000000
1.372302 0.000000
1.406475 0.000000
1.394784 0.000000
1.428957 0.000000
1.416367 0.000000
1.450540 0.000042
1.507194 0.000000
1.541367 0.000000
1.528777 0.000000
1.562950 0.000000
1.551259 0.000000
1.585432 0.000000
1.572842 0.000000
1.607014 0.000053
1.083633 0.000000
1.117806 0.000000
1.105216 0.000000
1.139388 0.000000
1.127698 0.000000
1.161871 0.000000
1.149281 0.000000
1.183453 0.000247
1.240108 0.000000
1.274281 0.000000
1.261691 0.000000
1.295863 0.000001
1.284173 0.000000
1.318345 0.000000
1.305755 0.000000
1.339928 0.001262
1.580036 0.000000
1.614209 0.000000
1.601619 0.000000
1.635791 0.000000
1.624101 0.000000
1.658273 0.000000
1.645683 0.000000
1.679856 0.000040
1.736511 0.000000
1.770683 0.000000
1.758094 0.000000
1.792266 0.000000
1.780576 0.000000
1.814748 0.000000
1.802158 0.000000
1.836331 0.000051
1.323741 0.000000
1.357914 0.000000
1.345324 0.000000
1.379496 0.000000
1.367806 0.000000
1.401978 0.000000
1.389388 0.000000
1.423561 0.000134
1.480216 0.000000
1.514388 0.000000
1.501799 0.000000
1.535971 0.000000
1.524281 0.000000
1.558453 0.000000
1.545863 0.000000
1.580036 0.000685
1.820144 0.000000
1.854317 0.000000
1.841727 0.000000
1.875899 0.000000
1.864209 0.000000
1.898381 0.000000
1.885791 0.000000
1.919964 0.000022
1.976619 0.000000
2.010791 0.000000
1.998201 0.000000
2.032374 0.000000
2.020683 0.000000
2.054856 0.000000
2.042266 0.000000
2.076439 0.000028
0.843525 0.000000
0.877698 0.000000
0.865108 0.000000
0.899281 0.000000
0.887590 0.000000
0.921763 0.000000
0.909173 0.000000
0.943345 0.000472
1.000000 0.000000
1.034173 0.000000
1.021583 0.000000
1.055755 0.000001
1.044065 0.000000
1.078237 0.000000
1.065647 0.000000
1.099820 0.002409
1.339928 0.000000
1.374101 0.000000
1.361511 0.000000
1.395683 0.000000
1.383993 0.000000
1.418165 0.000000
1.405576 0.000000
1.439748 0.000076
1.496403 0.000000
1.530576 0.000000
1.517986 0.000000
1.552158 0.000000
1.540468 0.000000
1.574640 0.000000
1.562050 0.000000
1.596223 0.000098
1.083633 0.000000
1.117806 0.000000
1.105216 0.000000
1.139388 0.000000
1.127698 0.000000
1.161871 0.000000
1.149281 0.000000
1.183453 0.000256
1.240108 0.000000
1.274281 0.000000
1.261691 0.000000
1.295863 0.000001
1.284173 0.000000
1.318345 0.000000
1.305755 0.000000
1.339928 0.001307
1.580036 0.000000
1.614209 0.000000
1.601619 0.000000
1.635791 0.000000
1.624101 0.000000
1.658273 0.000000
1.645683 0.000000
1.679856 0.000041
1.736511 0.000000
1.770683 0.000000
1.758094 0.000000
1.792266 0.000000
1.780576 0.000000
1.814748 0.000000
1.802158 0.000000
1.836331 0.000053
1.312950 0.000000
1.347122 0.000000
1.334532 0.000000
1.368705 0.000000
1.357014 0.000000
1.391187 0.000000
1.378597 0.000000
1.412770 0.000246
1.469424 0.000000
1.503597 0.000000
1.491007 0.000000
1.525180 0.000001
1.513489 0.000000
1.547662 0.000000
1.535072 0.000000
1.569245 0.001254
1.809353 0.000000
1.843525 0.000000
1.830935 0.000000
1.865108 0.000000
1.853417 0.000000
1.887590 0.000000
1.875000 0.000000
1.909173 0.000040
1.965827 0.000000
2.000000 0.000000
1.987410 0.000000
2.021583 0.000000
2.009892 0.000000
2.044065 0.000000
2.031475 0.000000
2.065647 0.000051
1.553058 0.000000
1.587230 0.000000
1.574640 0.000000
1.608813 0.000000
1.597122 0.000000
1.631295 0.000000
1.618705 0.000000
1.652878 0.000133
1.709532 0.000000
1.743705 0.000000
1.731115 0.000000
1.765288 0.000000
1.753597 0.000000
1.787770 0.000000
1.775180 0.000000
1.809353 0.000680
2.049460 0.000000
2.083633 0.000000
2.071043 0.000000
2.105216 0.000000
2.093525 0.000000
2.127698 0.000000
2.115108 0.000000
2.149281 0.000022
2.205935 0.000000
2.240108 0.000000
2.227518 0.000000
2.261691 0.000000
2.250000 0.000000
2.284173 0.000000
2.271583 0.000000
2.305755 0.000028
1.078237 0.000000
1.112410 0.000000
1.099820 0.000000
1.133993 0.000000
1.122302 0.000000
1.156475 0.000000
1.143885 0.000000
1.178058 0.000173
1.234712 0.000000
1.268885 0.000000
1.256295 0.000000
1.290468 0.000000
1.278777 0.000000
1.312950 0.000000
1.300360 0.000000
1.334532 0.000883
1.574640 0.000000
1.608813 0.000000
1.596223 0.000000
1.630396 0.000000
1.618705 0.000000
1.652878 0.000000
1.640288 0.000000
1.674460 0.000028
1.731115 0.000000
1.765288 0.000000
1.752698 0.000000
1.786871 0.000000
1.775180 0.000000
1.809353 0.000000
1.796763 0.000000
1.830935 0.000036
1.318345 0.000000
1.352518 0.000000
1.339928 0.000000
1.374101 0.000000
1.362410 0.000000
1.396583 0.000000
1.383993 0.000000
1.418165 0.000094
1.474820 0.000000
1.508993 0.000000
1.496403 0.000000
1.530576 0.000000
1.518885 0.000000
1.553058 0.000000
1.540468 0.000000
1.574640 0.000479
1.814748 0.000000
1.848921 0.000000
1.836331 0.000000
1.870504 0.000000
1.858813 0.000000
1.892986 0.000000
1.880396 0.000000
1.914568 0.000015
1.971223 0.000000
2.005396 0.000000
1.992806 0.000000
2.026978 0.000000
2.015288 0.000000
2.049460 0.000000
2.036871 0.000000
2.071043 0.000019
1.547662 0.000000
1.581835 0.000000
1.569245 0.000000
1.603417 0.000000
1.591727 0.000000
1.625899 0.000000
1.613309 0.000000
1.647482 0.000090
1.704137 0.000000
1.738309 0.000000
1.725719 0.000000
1.759892 0.000000
1.748201 0.000000
1.782374 0.000000
1.769784 0.000000
1.803957 0.000460
2.044065 0.000000
2.078237 0.000000
2.065647 0.000000
2.099820 0.000000
2.088129 0.000000
2.122302 0.000000
2.109712 0.000000
2.143885 0.000015
2.200540 0.000000
2.234712 0.000000
2.222122 0.000000
2.256295 0.000000
2.244604 0.000000
2.278777 0.000000
2.266187 0.000000
2.300360 0.000019
1.787770 0.000000
1.821942 0.000000
1.809353 0.000000
1.843525 0.000000
1.831835 0.000000
1.866007 0.000000
1.853417 0.000000
1.887590 0.000049
1.944245 0.000000
1.978417 0.000000
1.965827 0.000000
2.000000 0.000000
1.988309 0.000000
2.022482 0.000000
2.009892 0.000000
2.044065 0.000250
2.284173 0.000000
2.318345 0.000000
2.305755 0.000000
2.339928 0.000000
2.328237 0.000000
2.362410 0.000000
2.349820 0.000000
2.383993 0.000008
2.440647 0.000000
2.474820 0.000000
2.462230 0.000000
2.496403 0.000000
2.484712 0.000000
2.518885 0.000000
2.506295 0.000000
2.540468 0.000010
0.133993 0.000000
0.168165 0.000000
0.155576 0.000000
0.189748 0.000000
0.178058 0.000000
0.212230 0.000000
0.199640 0.000000
0.233813 0.003622
0.290468 0.000000
0.324640 0.000000
0.312050 0.000000
0.346223 0.000007
0.334532 0.000000
0.368705 0.000000
0.356115 0.000000
0.390288 0.018491
0.630396 0.000000
0.664568 0.000000
0.651978 0.000000
0.686151 0.000000
0.674460 0.000000
0.708633 0.000000
0.696043 0.000000
0.730216 0.000586
0.786871 0.000000
0.821043 0.000000
0.808453 0.000000
0.842626 0.000000
0.830935 0.000000
0.865108 0.000000
0.852518 0.000000
0.886691 0.000752
0.374101 0.000000
0.408273 0.000000
0.395683 0.000000
0.429856 0.000000
0.418165 0.000000
0.452338 0.000000
0.439748 0.000000
0.473921 0.001965
0.530576 0.000000
0.564748 0.000000
0.552158 0.000000
0.586331 0.000004
0.574640 0.000000
0.608813 0.000000
0.596223 0.000000
0.630396 0.010034
0.870504 0.000000
0.904676 0.000000
0.892086 0.000000
0.926259 0.000000
0.914568 0.000000
0.948741 0.000000
0.936151 0.000000
0.970324 0.000318
1.026978 0.000000
1.061151 0.000000
1.048561 0.000000
1.082734 0.000000
1.071043 0.000000
1.105216 0.000000
1.092626 0.000000
1.126799 0.000408
0.603417 0.000000
0.637590 0.000000
0.625000 0.000000
0.659173 0.000000
0.647482 0.000000
0.681655 0.000000
0.669065 0.000000
0.703237 0.001886
0.759892 0.000000
0.794065 0.000000
0.781475 0.000000
0.815647 0.000004
0.803957 0.000000
0.838129 0.000000
0.825540 0.000000
0.859712 0.009627
1.099820 0.000000
1.133993 0.000000
1.121403 0.000000
1.155576 0.000000
1.143885 0.000000
1.178058 0.000000
1.165468 0.000000
1.199640 0.000305
1.256295 0.000000
1.290468 0.000000
1.277878 0.000000
1.312050 0.000000
1.300360 0.000000
1.334532 0.000000
1.321942 0.000000
1.356115 0.000391
0.843525 0.000000
0.877698 0.000000
0.865108 0.000000
0.899281 0.000000
0.887590 0.000000
0.921763 0.000000
0.909173 0.000000
0.943345 0.001023
1.000000 0.000000
1.034173 0.000000
1.021583 0.000000
1.055755 0.000002
1.044065 0.000000
1.078237 0.000000
1.065647 0.000000
1.099820 0.005224
1.339928 0.000000
1.374101 0.000000
1.361511 0.000000
1.395683 0.000000
1.383993 0.000000
1.418165 0.000000
1.405576 0.000000
1.439748 0.000165
1.496403 0.000000
1.530576 0.000000
1.517986 0.000000
1.552158 0.000000
1.540468 0.000000
1.574640 0.000000
1.562050 0.000000
1.596223 0.000212
0.368705 0.000000
0.402878 0.000000
0.390288 0.000000
0.424460 0.000000
0.412770 0.000000
0.446942 0.000000
0.434353 0.000000
0.468525 0.001328
0.525180 0.000000
0.559353 0.000000
0.546763 0.000000
0.580935 0.000003
0.569245 0.000000
0.603417 0.000000
0.590827 0.000000
0.625000 0.006782
0.865108 0.000000
0.899281 0.000000
0.886691 0.000000
0.920863 0.000000
0.909173 0.000000
0.943345 0.000000
0.930755 0.000000
0.964928 0.000215
1.021583 0.000000
1.055755 0.000000
1.043165 0.000000
1.077338 0.000000
1.065647 0.000000
1.099820 0.000000
1.087230 0.000000
1.121403 0.000276
0.608813 0.000000
0.642986 0.000000
0.630396 0.000000
0.664568 0.000000
0.652878 0.000000
0.687050 0.000000
0.674460 0.000000
0.708633 0.000721
0.765288 0.000000
0.799460 0.000000
0.786871 0.000000
0.821043 0.000001
0.809353 0.000000
0.843525 0.000000
0.830935 0.000000
0.865108 0.003680
1.105216 0.000000
1.139388 0.000000
1.126799 0.000000
1.160971 0.000000
1.149281 0.000000
1.183453 0.000000
1.170863 0.000000
1.205036 0.000117
1.261691 0.000000
1.295863 0.000000
1.283273 0.000000
1.317446 0.000000
1.305755 0.000000
1.339928 0.000000
1.327338 0.000000
1.361511 0.000150
0.838129 0.000000
0.872302 0.000000
0.859712 0.000000
0.893885 0.000000
0.882194 0.000000
0.916367 0.000000
0.903777 0.000000
0.937950 0.000692
0.994604 0.000000
1.028777 0.000000
1.016187 0.000000
1.050360 0.000001
1.038669 0.000000
1.072842 0.000000
1.060252 0.000000
1.094424 0.003531
1.334532 0.000000
1.368705 0.000000
1.356115 0.000000
1.390288 0.000000
1.378597 0.000000
1.412770 0.000000
1.400180 0.000000
1.434353 0.000112
1.491007 0.000000
1.525180 0.000000
1.512590 0.000000
1.546763 0.000000
1.535072 0.000000
1.569245 0.000000
1.556655 0.000000
1.590827 0.000144
1.078237 0.000000
1.112410 0.000000
1.099820 0.000000
1.133993 0.000000
1.122302 0.000000
1.156475 0.000000
1.143885 0.000000
1.178058 0.000375
1.234712 0.000000
1.268885 0.000000
1.256295 0.000000
1.290468 0.000001
1.278777 0.000000
1.312950 0.000000
1.300360 0.000000
1.334532 0.001916
1.574640 0.000000
1.608813 0.000000
1.596223 0.000000
1.630396 0.000000
1.618705 0.000000
1.652878 0.000000
1.640288 0.000000
1.674460 0.000061
1.731115 0.000000
1.765288 0.000000
1.752698 0.000000
1.786871 0.000000
1.775180 0.000000
1.809353 0.000000
1.796763 0.000000
1.830935 0.000078
0.598022 0.000000
0.632194 0.000000
0.619604 0.000000
0.653777 0.000000
0.642086 0.000000
0.676259 0.000000
0.663669 0.000000
0.697842 0.001320
0.754496 0.000000
0.788669 0.000000
0.776079 0.000000
0.810252 0.000003
0.798561 0.000000
0.832734 0.000000
0.820144 0.000000
0.854317 0.006736
1.094424 0.000000
1.128597 0.000000
1.116007 0.000000
1.150180 0.000000
1.138489 0.000000
1.172662 0.000000
1.160072 0.000000
1.194245 0.000213
1.250899 0.000000
1.285072 0.000000
1.272482 0.000000
1.306655 0.000000
1.294964 0.000000
1.329137 0.000000
1.316547 0.000000
1.350719 0.000274
0.838129 0.000000
0.872302 0.000000
0.859712 0.000000
0.893885 0.000000
0.882194 0.000000
0.916367 0.000000
0.903777 0.000000
0.937950 0.000716
0.994604 0.000000
1.028777 0.000000
1.016187 0.000000
1.050360 0.000001
1.038669 0.000000
1.072842 0.000000
1.060252 0.000000
1.094424 0.003655
1.334532 0.000000
1.368705 0.000000
1.356115 0.000000
1.390288 0.000000
1.378597 0.000000
1.412770 0.000000
1.400180 0.000000
1.434353 0.000116
1.491007 0.000000
1.525180 0.000000
1.512590 0.000000
1.546763 0.000000
1.535072 0.000000
1.569245 0.000000
1.556655 0.000000
1.590827 0.000149
1.067446 0.000000
1.101619 0.000000
1.089029 0.000000
1.123201 0.000000
1.111511 0.000000
1.145683 0.000000
1.133094 0.000000
1.167266 0.000687
1.223921 0.000000
1.258094 0.000000
1.245504 0.000000
1.279676 0.000001
1.267986 0.000000
1.302158 0.000000
1.289568 0.000000
1.323741 0.003507
1.563849 0.000000
1.598022 0.000000
1.585432 0.000000
1.619604 0.000000
1.607914 0.000000
1.642086 0.000000
1.629496 0.000000
1.663669 0.000111
1.720324 0.000000
1.754496 0.000000
1.741906 0.000000
1.776079 0.000000
1.764388 0.000000
1.798561 0.000000
1.785971 0.000000
1.820144 0.000143
1.307554 0.000000
1.341727 0.000000
1.329137 0.000000
1.363309 0.000000
1.351619 0.000000
1.385791 0.000000
1.373201 0.000000
1.407374 0.000373
1.464029 0.000000
1.498201 0.000000
1.485612 0.000000
1.519784 0.000001
1.508094 0.000000
1.542266 0.000000
1.529676 0.000000
1.563849 0.001903
1.803957 0.000000
1.838129 0.000000
1.825540 0.000000
1.859712 0.000000
1.848022 0.000000
1.882194 0.000000
1.869604 0.000000
1.903777 0.000060
1.960432 0.000000
1.994604 0.000000
1.982014 0.000000
2.016187 0.000000
2.004496 0.000000
2.038669 0.000000
2.026079 0.000000
2.060252 0.000077
0.832734 0.000000
0.866906 0.000000
0.854317 0.000000
0.888489 0.000000
0.876799 0.000000
0.910971 0.000000
0.898381 0.000000
0.932554 0.000484
0.989209 0.000000
1.023381 0.000000
1.010791 0.000000
1.044964 0.000001
1.033273 0.000000
1.067446 0.000000
1.054856 0.000000
1.089029 0.002471
1.329137 0.000000
1.363309 0.000000
1.350719 0.000000
1.384892 0.000000
1.373201 0.000000
1.407374 0.000000
1.394784 0.000000
1.428957 0.000078
1.485612 0.000000
1.519784 0.000000
1.507194 0.000000
1.541367 0.000000
1.529676 0.000000
1.563849 0.000000
1.551259 0.000000
1.585432 0.000100
1.072842 0.000000
1.107014 0.000000
1.094424 0.000000
1.128597 0.000000
1.116906 0.000000
1.151079 0.000000
1.138489 0.000000
1.172662 0.000263
1.229317 0.000000
1.263489 0.000000
1.250899 0.000000
1.285072 0.000001
1.273381 0.000000
1.307554 0.000000
1.294964 0.000000
1.329137 0.001341
1.569245 0.000000
1.603417 0.000000
1.590827 0.000000
1.625000 0.000000
1.613309 0.000000
1.647482 0.000000
1.634892 0.000000
1.669065 0.000042
1.725719 0.000000
1.759892 0.000000
1.747302 0.000000
1.781475 0.000000
1.769784 0.000000
1.803957 0.000000
1.791367 0.000000
1.825540 0.000054
1.302158 0.000000
1.336331 0.000000
1.323741 0.000000
1.357914 0.000000
1.346223 0.000000
1.380396 0.000000
1.367806 0.000000
1.401978 0.000252
1.458633 0.000000
1.492806 0.000000
1.480216 0.000000
1.514388 0.000001
1.502698 0.000000
1.536871 0.000000
1.524281 0.000000
1.558453 0.001286
1.798561 0.000000
1.832734 0.000000
1.820144 0.000000
1.854317 0.000000
1.842626 0.000000
1.876799 0.000000
1.864209 0.000000
1.898381 0.000041
1.955036 0.000000
1.989209 0.000000
1.976619 0.000000
2.010791 0.000000
1.999101 0.000000
2.033273 0.000000
2.020683 0.000000
2.054856 0.000052
1.542266 0.000000
1.576439 0.000000
1.563849 0.000000
1.598022 0.000000
1.586331 0.000000
1.620504 0.000000
1.607914 0.000000
1.642086 0.000137
1.698741 0.000000
1.732914 0.000000
1.720324 0.000000
1.754496 0.000000
1.742806 0.000000
1.776978 0.000000
1.764388 0.000000
1.798561 0.000698
2.038669 0.000000
2.072842 0.000000
2.060252 0.000000
2.094424 0.000000
2.082734 0.000000
2.116906 0.000000
2.104317 0.000000
2.138489 0.000022
2.195144 0.000000
2.229317 0.000000
2.216727 0.000000
2.250899 0.000000
2.239209 0.000000
2.273381 0.000000
2.260791 0.000000
2.294964 0.000028
0.381295 0.000000
0.415468 0.000000
0.402878 0.000000
0.437050 0.000000
0.425360 0.000000
0.459532 0.000000
0.446942 0.000000
0.481115 0.001064
0.537770 0.000000
0.571942 0.000000
0.559353 0.000000
0.593525 0.000002
0.581835 0.000000
0.616007 0.000000
0.603417 0.000000
0.637590 0.005432
0.877698 0.000000
0.911871 0.000000
0.899281 0.000000
0.933453 0.000000
0.921763 0.000000
0.955935 0.000000
0.943345 0.000000
0.977518 0.000172
1.034173 0.000000
1.068345 0.000000
1.055755 0.000000
1.089928 0.000000
1.078237 0.000000
1.112410 0.000000
1.099820 0.000000
1.133993 0.000221
0.621403 0.000000
0.655576 0.000000
0.642986 0.000000
0.677158 0.000000
0.665468 0.000000
0.699640 0.000000
0.687050 0.000000
0.721223 0.000577
0.777878 0.000000
0.812050 0.000000
0.799460 0.000000
0.833633 0.000001
0.821942 0.000000
0.856115 0.000000
0.843525 0.000000
0.877698 0.002948
1.117806 0.000000
1.151978 0.000000
1.139388 0.000000
1.173561 0.000000
1.161871 0.000000
1.196043 0.000000
1.183453 0.000000
1.217626 0.000093
1.274281 0.000000
1.308453 0.000000
1.295863 0.000000
1.330036 0.000000
1.318345 0.000000
1.352518 0.000000
1.339928 0.000000
1.374101 0.000120
0.850719 0.000000
0.884892 0.000000
0.872302 0.000000
0.906475 0.000000
0.894784 0.000000
0.928957 0.000000
0.916367 0.000000
0.950540 0.000554
1.007194 0.000000
1.041367 0.000000
1.028777 0.000000
1.062950 0.000001
1.051259 0.000000
1.085432 0.000000
1.072842 0.000000
1.107014 0.002828
1.347122 0.000000
1.381295 0.000000
1.368705 0.000000
1.402878 0.000000
1.391187 0.000000
1.425360 0.000000
1.412770 0.000000
1.446942 0.000090
1.503597 0.000000
1.537770 0.000000
1.525180 0.000000
1.559353 0.000000
1.547662 0.000000
1.581835 0.000000
1.569245 0.000000
1.603417 0.000115
1.090827 0.000000
1.125000 0.000000
1.112410 0.000000
1.146583 0.000000
1.134892 0.000000
1.169065 0.000000
1.156475 0.000000
1.190647 0.000301
1.247302 0.000000
1.281475 0.000000
1.268885 0.000000
1.303058 0.000001
1.291367 0.000000
1.325540 0.000000
1.312950 0.000000
1.347122 0.001535
1.587230 0.000000
1.621403 0.000000
1.608813 0.000000
1.642986 0.000000
1.631295 0.000000
1.665468 0.000000
1.652878 0.000000
1.687050 0.000049
1.743705 0.000000
1.777878 0.000000
1.765288 0.000000
1.799460 0.000000
1.787770 0.000000
1.821942 0.000000
1.809353 0.000000
1.843525 0.000062
0.616007 0.000000
0.650180 0.000000
0.637590 0.000000
0.671763 0.000000
0.660072 0.000000
0.694245 0.000000
0.681655 0.000000
0.715827 0.000390
0.772482 0.000000
0.806655 0.000000
0.794065 0.000000
0.828237 0.000001
0.816547 0.000000
0.850719 0.000000
0.838129 0.000000
0.872302 0.001992
1.112410 0.000000
1.146583 0.000000
1.133993 0.000000
1.168165 0.000000
1.156475 0.000000
1.190647 0.000000
1.178058 0.000000
1.212230 0.000063
1.268885 0.000000
1.303058 0.000000
1.290468 0.000000
1.324640 0.000000
1.312950 0.000000
1.347122 0.000000
1.334532 0.000000
1.368705 0.000081
0.856115 0.000000
0.890288 0.000000
0.877698 0.000000
0.911871 0.000000
0.900180 0.000000
0.934353 0.000000
0.921763 0.000000
0.955935 0.000212
1.012590 0.000000
1.046763 0.000000
1.034173 0.000000
1.068345 0.000000
1.056655 0.000000
1.090827 0.000000
1.078237 0.000000
1.112410 0.001081
1.352518 0.000000
1.386691 0.000000
1.374101 0.000000
1.408273 0.000000
1.396583 0.000000
1.430755 0.000000
1.418165 0.000000
1.452338 0.000034
1.508993 0.000000
1.543165 0.000000
1.530576 0.000000
1.564748 0.000000
1.553058 0.000000
1.587230 0.000000
1.574640 0.000000
1.608813 0.000044
1.085432 0.000000
1.119604 0.000000
1.107014 0.000000
1.141187 0.000000
1.129496 0.000000
1.163669 0.000000
1.151079 0.000000
1.185252 0.000203
1.241906 0.000000
1.276079 0.000000
1.263489 0.000000
1.297662 0.000000
1.285971 0.000000
1.320144 0.000000
1.307554 0.000000
1.341727 0.001037
1.581835 0.000000
1.616007 0.000000
1.603417 0.000000
1.637590 0.000000
1.625899 0.000000
1.660072 0.000000
1.647482 0.000000
1.681655 0.000033
1.738309 0.000000
1.772482 0.000000
1.759892 0.000000
1.794065 0.000000
1.782374 0.000000
1.816547 0.000000
1.803957 0.000000
1.838129 0.000042
1.325540 0.000000
1.359712 0.000000
1.347122 0.000000
1.381295 0.000000
1.369604 0.000000
1.403777 0.000000
1.391187 0.000000
1.425360 0.000110
1.482014 0.000000
1.516187 0.000000
1.503597 0.000000
1.537770 0.000000
1.526079 0.000000
1.560252 0.000000
1.547662 0.000000
1.581835 0.000563
1.821942 0.000000
1.856115 0.000000
1.843525 0.000000
1.877698 0.000000
1.866007 0.000000
1.900180 0.000000
1.887590 0.000000
1.921763 0.000018
1.978417 0.000000
2.012590 0.000000
2.000000 0.000000
2.034173 0.000000
2.022482 0.000000
2.056655 0.000000
2.044065 0.000000
2.078237 0.000023
0.845324 0.000000
0.879496 0.000000
0.866906 0.000000
0.901079 0.000000
0.889388 0.000000
0.923561 0.000000
0.910971 0.000000
0.945144 0.000388
1.001799 0.000000
1.035971 0.000000
1.023381 0.000000
1.057554 0.000001
1.045863 0.000000
1.080036 0.000000
1.067446 0.000000
1.101619 0.001979
1.341727 0.000000
1.375899 0.000000
1.363309 0.000000
1.397482 0.000000
1.385791 0.000000
1.419964 0.000000
1.407374 0.000000
1.441547 0.000063
1.498201 0.000000
1.532374 0.000000
1.519784 0.000000
1.553957 0.000000
1.542266 0.000000
1.576439 0.000000
1.563849 0.000000
1.598022 0.000080
1.085432 0.000000
1.119604 0.000000
1.107014 0.000000
1.141187 0.000000
1.129496 0.000000
1.163669 0.000000
1.151079 0.000000
1.185252 0.000210
1.241906 0.000000
1.276079 0.000000
1.263489 0.000000
1.297662 0.000000
1.285971 0.000000
1.320144 0.000000
1.307554 0.000000
1.341727 0.001074
1.581835 0.000000
1.616007 0.000000
1.603417 0.000000
1.637590 0.000000
1.625899 0.000000
1.660072 0.000000
1.647482 0.000000
1.681655 0.000034
1.738309 0.000000
1.772482 0.000000
1.759892 0.000000
1.794065 0.000000
1.782374 0.000000
1.816547 0.000000
1.803957 0.000000
1.838129 0.000044
1.314748 0.000000
1.348921 0.000000
1.336331 0.000000
1.370504 0.000000
1.358813 0.000000
1.392986 0.000000
1.380396 0.000000
1.414568 0.000202
1.471223 0.000000
1.505396 0.000000
1.492806 0.000000
1.526978 0.000000
1.515288 0.000000
1.549460 0.000000
1.536871 0.000000
1.571043 0.001030
1.811151 0.000000
1.845324 0.000000
1.832734 0.000000
1.866906 0.000000
1.855216 0.000000
1.889388 0.000000
1.876799 0.000000
1.910971 0.000033
1.967626 0.000000
2.001799 0.000000
1.989209 0.000000
2.023381 0.000000
2.011691 0.000000
2.045863 0.000000
2.033273 0.000000
2.067446 0.000042
1.554856 0.000000
1.589029 0.000000
1.576439 0.000000
1.610612 0.000000
1.598921 0.000000
1.633094 0.000000
1.620504 0.000000
1.654676 0.000110
1.711331 0.000000
1.745504 0.000000
1.732914 0.000000
1.767086 0.000000
1.755396 0.000000
1.789568 0.000000
1.776978 0.000000
1.811151 0.000559
2.051259 0.000000
2.085432 0.000000
2.072842 0.000000
2.107014 0.000000
2.095324 0.000000
2.129496 0.000000
2.116906 0.000000
2.151079 0.000018
2.207734 0.000000
2.241906 0.000000
2.229317 0.000000
2.263489 0.000000
2.251799 0.000000
2.285971 0.000000
2.273381 0.000000
2.307554 0.000023
1.080036 0.000000
1.114209 0.000000
1.101619 0.000000
1.135791 0.000000
1.124101 0.000000
1.158273 0.000000
1.145683 0.000000
1.179856 0.000142
1.236511 0.000000
1.270683 0.000000
1.258094 0.000000
1.292266 0.000000
1.280576 0.000000
1.314748 0.000000
1.302158 0.000000
1.336331 0.000726
1.576439 0.000000
1.610612 0.000000
1.598022 0.000000
1.632194 0.000000
1.620504 0.000000
1.654676 0.000000
1.642086 0.000000
1.676259 0.000023
1.732914 0.000000
1.767086 0.000000
1.754496 0.000000
1.788669 0.000000
1.776978 0.000000
1.811151 0.000000
1.798561 0.000000
1.832734 0.000030
1.320144 0.000000
1.354317 0.000000
1.341727 0.000000
1.375899 0.000000
1.364209 0.000000
1.398381 0.000000
1.385791 0.000000
1.419964 0.000077
1.476619 0.000000
1.510791 0.000000
1.498201 0.000000
1.532374 0.000000
1.520683 0.000000
1.554856 0.000000
1.542266 0.000000
1.576439 0.000394
1.816547 0.000000
1.850719 0.000000
1.838129 0.000000
1.872302 0.000000
1.860612 0.000000
1.894784 0.000000
1.882194 0.000000
1.916367 0.000012
1.973022 0.000000
2.007194 0.000000
1.994604 0.000000
2.028777 0.000000
2.017086 0.000000
2.051259 0.000000
2.038669 0.000000
2.072842 0.000016
1.549460 0.000000
1.583633 0.000000
1.571043 0.000000
1.605216 0.000000
1.593525 0.000000
1.627698 0.000000
1.615108 0.000000
1.649281 0.000074
1.705935 0.000000
1.740108 0.000000
1.727518 0.000000
1.761691 0.000000
1.750000 0.000000
1.784173 0.000000
1.771583 0.000000
1.805755 0.000378
2.045863 0.000000
2.080036 0.000000
2.067446 0.000000
2.101619 0.000000
2.089928 0.000000
2.124101 0.000000
2.111511 0.000000
2.145683 0.000012
2.202338 0.000000
2.236511 0.000000
2.223921 0.000000
2.258094 0.000000
2.246403 0.000000
2.280576 0.000000
2.267986 0.000000
2.302158 0.000015
1.789568 0.000000
1.823741 0.000000
1.811151 0.000000
1.845324 0.000000
1.833633 0.000000
1.867806 0.000000
1.855216 0.000000
1.889388 0.000040
1.946043 0.000000
1.980216 0.000000
1.967626 0.000000
2.001799 0.000000
1.990108 0.000000
2.024281 0.000000
2.011691 0.000000
2.045863 0.000205
2.285971 0.000000
2.320144 0.000000
2.307554 0.000000
2.341727 0.000000
2.330036 0.000000
2.364209 0.000000
2.351619 0.000000
2.385791 0.000006
2.442446 0.000000
2.476619 0.000000
2.464029 0.000000
2.498201 0.000000
2.486511 0.000000
2.520683 0.000000
2.508094 0.000000
2.542266 0.000008
0.266187 0.000000
0.300360 0.000000
0.287770 0.000000
0.321942 0.000000
0.310252 0.000000
0.344424 0.000000
0.331835 0.000000
0.366007 0.000868
0.422662 0.000000
0.456835 0.000000
0.444245 0.000000
0.478417 0.000002
0.466727 0.000000
0.500899 0.000000
0.488309 0.000000
0.522482 0.004433
0.762590 0.000000
0.796763 0.000000
0.784173 0.000000
0.818345 0.000000
0.806655 0.000000
0.840827 0.000000
0.828237 0.000000
0.862410 0.000140
0.919065 0.000000
0.953237 0.000000
0.940647 0.000000
0.974820 0.000000
0.963129 0.000000
0.997302 0.000000
0.984712 0.000000
1.018885 0.000180
0.506295 0.000000
0.540468 0.000000
0.527878 0.000000
0.562050 0.000000
0.550360 0.000000
0.584532 0.000000
0.571942 0.000000
0.606115 0.000471
0.662770 0.000000
0.696942 0.000000
0.684353 0.000000
0.718525 0.000001
0.706835 0.000000
0.741007 0.000000
0.728417 0.000000
0.762590 0.002406
1.002698 0.000000
1.036871 0.000000
1.024281 0.000000
1.058453 0.000000
1.046763 0.000000
1.080935 0.000000
1.068345 0.000000
1.102518 0.000076
1.159173 0.000000
1.193345 0.000000
1.180755 0.000000
1.214928 0.000000
1.203237 0.000000
1.237410 0.000000
1.224820 0.000000
1.258993 0.000098
0.735612 0.000000
0.769784 0.000000
0.757194 0.000000
0.791367 0.000000
0.779676 0.000000
0.813849 0.000000
0.801259 0.000000
0.835432 0.000452
0.892086 0.000000
0.926259 0.000000
0.913669 0.000000
0.947842 0.000001
0.936151 0.000000
0.970324 0.000000
0.957734 0.000000
0.991906 0.002308
1.232014 0.000000
1.266187 0.000000
1.253597 0.000000
1.287770 0.000000
1.276079 0.000000
1.310252 0.000000
1.297662 0.000000
1.331835 0.000073
1.388489 0.000000
1.422662 0.000000
1.410072 0.000000
1.444245 0.000000
1.432554 0.000000
1.466727 0.000000
1.454137 0.000000
1.488309 0.000094
0.975719 0.000000
1.009892 0.000000
0.997302 0.000000
1.031475 0.000000
1.019784 0.000000
1.053957 0.000000
1.041367 0.000000
1.075540 0.000245
1.132194 0.000000
1.166367 0.000000
1.153777 0.000000
1.187950 0.000001
1.176259 0.000000
1.210432 0.000000
1.197842 0.000000
1.232014 0.001252
1.472122 0.000000
1.506295 0.000000
1.493705 0.000000
1.527878 0.000000
1.516187 0.000000
1.550360 0.000000
1.537770 0.000000
1.571942 0.000040
1.628597 0.000000
1.662770 0.000000
1.650180 0.000000
1.684353 0.000000
1.672662 0.000000
1.706835 0.000000
1.694245 0.000000
1.728417 0.000051
0.500899 0.000000
0.535072 0.000000
0.522482 0.000000
0.556655 0.000000
0.544964 0.000000
0.579137 0.000000
0.566547 0.000000
0.600719 0.000318
0.657374 0.000000
0.691547 0.000000
0.678957 0.000000
0.713129 0.000001
0.701439 0.000000
0.735612 0.000000
0.723022 0.000000
0.757194 0.001626
0.997302 0.000000
1.031475 0.000000
1.018885 0.000000
1.053058 0.000000
1.041367 0.000000
1.075540 0.000000
1.062950 0.000000
1.097122 0.000052
1.153777 0.000000
1.187950 0.000000
1.175360 0.000000
1.209532 0.000000
1.197842 0.000000
1.232014 0.000000
1.219424 0.000000
1.253597 0.000066
0.741007 0.000000
0.775180 0.000000
0.762590 0.000000
0.796763 0.000000
0.785072 0.000000
0.819245 0.000000
0.806655 0.000000
0.840827 0.000173
0.897482 0.000000
0.931655 0.000000
0.919065 0.000000
0.953237 0.000000
0.941547 0.000000
0.975719 0.000000
0.963129 0.000000
0.997302 0.000882
1.237410 0.000000
1.271583 0.000000
1.258993 0.000000
1.293165 0.000000
1.281475 0.000000
1.315647 0.000000
1.303058 0.000000
1.337230 0.000028
1.393885 0.000000
1.428058 0.000000
1.415468 0.000000
1.449640 0.000000
1.437950 0.000000
1.472122 0.000000
1.459532 0.000000
1.493705 0.000036
0.970324 0.000000
1.004496 0.000000
0.991906 0.000000
1.026079 0.000000
1.014388 0.000000
1.048561 0.000000
1.035971 0.000000
1.070144 0.000166
1.126799 0.000000
1.160971 0.000000
1.148381 0.000000
1.182554 0.000000
1.170863 0.000000
1.205036 0.000000
1.192446 0.000000
1.226619 0.000846
1.466727 0.000000
1.500899 0.000000
1.488309 0.000000
1.522482 0.000000
1.510791 0.000000
1.544964 0.000000
1.532374 0.000000
1.566547 0.000027
1.623201 0.000000
1.657374 0.000000
1.644784 0.000000
1.678957 0.000000
1.667266 0.000000
1.701439 0.000000
1.688849 0.000000
1.723022 0.000034
1.210432 0.000000
1.244604 0.000000
1.232014 0.000000
1.266187 0.000000
1.254496 0.000000
1.288669 0.000000
1.276079 0.000000
1.310252 0.000090
1.366906 0.000000
1.401079 0.000000
1.388489 0.000000
1.422662 0.000000
1.410971 0.000000
1.445144 0.000000
1.432554 0.000000
1.466727 0.000459
1.706835 0.000000
1.741007 0.000000
1.728417 0.000000
1.762590 0.000000
1.750899 0.000000
1.785072 0.000000
1.772482 0.000000
1.806655 0.000015
1.863309 0.000000
1.897482 0.000000
1.884892 0.000000
1.919065 0.000000
1.907374 0.000000
1.941547 0.000000
1.928957 0.000000
1.963129 0.000019
0.730216 0.000000
0.764388 0.000000
0.751799 0.000000
0.785971 0.000000
0.774281 0.000000
0.808453 0.000000
0.795863 0.000000
0.830036 0.000316
0.886691 0.000000
0.920863 0.000000
0.908273 0.000000
0.942446 0.000001
0.930755 0.000000
0.964928 0.000000
0.952338 0.000000
0.986511 0.001615
1.226619 0.000000
1.260791 0.000000
1.248201 0.000000
1.282374 0.000000
1.270683 0.000000
1.304856 0.000000
1.292266 0.000000
1.326439 0.000051
1.383094 0.000000
1.417266 0.000000
1.404676 0.000000
1.438849 0.000000
1.427158 0.000000
1.461331 0.000000
1.448741 0.000000
1.482914 0.000066
0.970324 0.000000
1.004496 0.000000
0.991906 0.000000
1.026079 0.000000
1.014388 0.000000
1.048561 0.000000
1.035971 0.000000
1.070144 0.000172
1.126799 0.000000
1.160971 0.000000
1.148381 0.000000
1.182554 0.000000
1.170863 0.000000
1.205036 0.000000
1.192446 0.000000
1.226619 0.000876
1.466727 0.000000
1.500899 0.000000
1.488309 0.000000
1.522482 0.000000
1.510791 0.000000
1.544964 0.000000
1.532374 0.000000
1.566547 0.000028
1.623201 0.000000
1.657374 0.000000
1.644784 0.000000
1.678957 0.000000
1.667266 0.000000
1.701439 0.000000
1.688849 0.000000
1.723022 0.000036
1.199640 0.000000
1.233813 0.000000
1.221223 0.000000
1.255396 0.000000
1.243705 0.000000
1.277878 0.000000
1.265288 0.000000
1.299460 0.000165
1.356115 0.000000
1.390288 0.000000
1.377698 0.000000
1.411871 0.000000
1.400180 0.000000
1.434353 0.000000
1.421763 0.000000
1.455935 0.000841
1.696043 0.000000
1.730216 0.000000
1.717626 0.000000
1.751799 0.000000
1.740108 0.000000
1.774281 0.000000
1.761691 0.000000
1.795863 0.000027
1.852518 0.000000
1.886691 0.000000
1.874101 0.000000
1.908273 0.000000
1.896583 0.000000
1.930755 0.000000
1.918165 0.000000
1.952338 0.000034
1.439748 0.000000
1.473921 0.000000
1.461331 0.000000
1.495504 0.000000
1.483813 0.000000
1.517986 0.000000
1.505396 0.000000
1.539568 0.000089
1.596223 0.000000
1.630396 0.000000
1.617806 0.000000
1.651978 0.000000
1.640288 0.000000
1.674460 0.000000
1.661871 0.000000
1.696043 0.000456
1.936151 0.000000
1.970324 0.000000
1.957734 0.000000
1.991906 0.000000
1.980216 0.000000
2.014388 0.000000
2.001799 0.000000
2.035971 0.000014
2.092626 0.000000
2.126799 0.000000
2.114209 0.000000
2.148381 0.000000
2.136691 0.000000
2.170863 0.000000
2.158273 0.000000
2.192446 0.000019
0.964928 0.000000
0.999101 0.000000
0.986511 0.000000
1.020683 0.000000
1.008993 0.000000
1.043165 0.000000
1.030576 0.000000
1.064748 0.000116
1.121403 0.000000
1.155576 0.000000
1.142986 0.000000
1.177158 0.000000
1.165468 0.000000
1.199640 0.000000
1.187050 0.000000
1.221223 0.000592
1.461331 0.000000
1.495504 0.000000
1.482914 0.000000
1.517086 0.000000
1.505396 0.000000
1.539568 0.000000
1.526978 0.000000
1.561151 0.000019
1.617806 0.000000
1.651978 0.000000
1.639388 0.000000
1.673561 0.000000
1.661871 0.000000
1.696043 0.000000
1.683453 0.000000
1.717626 0.000024
1.205036 0.000000
1.239209 0.000000
1.226619 0.000000
1.260791 0.000000
1.249101 0.000000
1.283273 0.000000
1.270683 0.000000
1.304856 0.000063
1.361511 0.000000
1.395683 0.000000
1.383094 0.000000
1.417266 0.000000
1.405576 0.000000
1.439748 0.000000
1.427158 0.000000
1.461331 0.000321
1.701439 0.000000
1.735612 0.000000
1.723022 0.000000
1.757194 0.000000
1.745504 0.000000
1.779676 0.000000
1.767086 0.000000
1.801259 0.000010
1.857914 0.000000
1.892086 0.000000
1.879496 0.000000
1.913669 0.000000
1.901978 0.000000
1.936151 0.000000
1.923561 0.000000
1.957734 0.000013
1.434353 0.000000
1.468525 0.000000
1.455935 0.000000
1.490108 0.000000
1.478417 0.000000
1.512590 0.000000
1.500000 0.000000
1.534173 0.000060
1.590827 0.000000
1.625000 0.000000
1.612410 0.000000
1.646583 0.000000
1.634892 0.000000
1.669065 0.000000
1.656475 0.000000
1.690647 0.000308
1.930755 0.000000
1.964928 0.000000
1.952338 0.000000
1.986511 0.000000
1.974820 0.000000
2.008993 0.000000
1.996403 0.000000
2.030576 0.000010
2.087230 0.000000
2.121403 0.000000
2.108813 0.000000
2.142986 0.000000
2.131295 0.000000
2.165468 0.000000
2.152878 0.000000
2.187050 0.000013
1.674460 0.000000
1.708633 0.000000
1.696043 0.000000
1.730216 0.000000
1.718525 0.000000
1.752698 0.000000
1.740108 0.000000
1.774281 0.000033
1.830935 0.000000
1.865108 0.000000
1.852518 0.000000
1.886691 0.000000
1.875000 0.000000
1.909173 0.000000
1.896583 0.000000
1.930755 0.000167
2.170863 0.000000
2.205036 0.000000
2.192446 0.000000
2.226619 0.000000
2.214928 0.000000
2.249101 0.000000
2.236511 0.000000
2.270683 0.000005
2.327338 0.000000
2.361511 0.000000
2.348921 0.000000
2.383094 0.000000
2.371403 0.000000
2.405576 0.000000
2.392986 0.000000
2.427158 0.000007
0.513489 0.000000
0.547662 0.000000
0.535072 0.000000
0.569245 0.000000
0.557554 0.000000
0.591727 0.000000
0.579137 0.000000
0.613309 0.000255
0.669964 0.000000
0.704137 0.000000
0.691547 0.000000
0.725719 0.000001
0.714029 0.000000
0.748201 0.000000
0.735612 0.000000
0.769784 0.001302
1.009892 0.000000
1.044065 0.000000
1.031475 0.000000
1.065647 0.000000
1.053957 0.000000
1.088129 0.000000
1.075540 0.000000
1.109712 0.000041
1.166367 0.000000
1.200540 0.000000
1.187950 0.000000
1.222122 0.000000
1.210432 0.000000
1.244604 0.000000
1.232014 0.000000
1.266187 0.000053
0.753597 0.000000
0.787770 0.000000
0.775180 0.000000
0.809353 0.000000
0.797662 0.000000
0.831835 0.000000
0.819245 0.000000
0.853417 0.000138
0.910072 0.000000
0.944245 0.000000
0.931655 0.000000
0.965827 0.000000
0.954137 0.000000
0.988309 0.000000
0.975719 0.000000
1.009892 0.000707
1.250000 0.000000
1.284173 0.000000
1.271583 0.000000
1.305755 0.000000
1.294065 0.000000
1.328237 0.000000
1.315647 0.000000
1.349820 0.000022
1.406475 0.000000
1.440647 0.000000
1.428058 0.000000
1.462230 0.000000
1.450540 0.000000
1.484712 0.000000
1.472122 0.000000
1.506295 0.000029
0.982914 0.000000
1.017086 0.000000
1.004496 0.000000
1.038669 0.000000
1.026978 0.000000
1.061151 0.000000
1.048561 0.000000
1.082734 0.000133
1.139388 0.000000
1.173561 0.000000
1.160971 0.000000
1.195144 0.000000
1.183453 0.000000
1.217626 0.000000
1.205036 0.000000
1.239209 0.000678
1.479317 0.000000
1.513489 0.000000
1.500899 0.000000
1.535072 0.000000
1.523381 0.000000
1.557554 0.000000
1.544964 0.000000
1.579137 0.000021
1.635791 0.000000
1.669964 0.000000
1.657374 0.000000
1.691547 0.000000
1.679856 0.000000
1.714029 0.000000
1.701439 0.000000
1.735612 0.000028
1.223022 0.000000
1.257194 0.000000
1.244604 0.000000
1.278777 0.000000
1.267086 0.000000
1.301259 0.000000
1.288669 0.000000
1.322842 0.000072
1.379496 0.000000
1.413669 0.000000
1.401079 0.000000
1.435252 0.000000
1.423561 0.000000
1.457734 0.000000
1.445144 0.000000
1.479317 0.000368
1.719424 0.000000
1.753597 0.000000
1.741007 0.000000
1.775180 0.000000
1.763489 0.000000
1.797662 0.000000
1.785072 0.000000
1.819245 0.000012
1.875899 0.000000
1.910072 0.000000
1.897482 0.000000
1.931655 0.000000
1.919964 0.000000
1.954137 0.000000
1.941547 0.000000
1.975719 0.000015
0.748201 0.000000
0.782374 0.000000
0.769784 0.000000
0.803957 0.000000
0.792266 0.000000
0.826439 0.000000
0.813849 0.000000
0.848022 0.000094
0.904676 0.000000
0.938849 0.000000
0.926259 0.000000
0.960432 0.000000
0.948741 0.000000
0.982914 0.000000
0.970324 0.000000
1.004496 0.000478
1.244604 0.000000
1.278777 0.000000
1.266187 0.000000
1.300360 0.000000
1.288669 0.000000
1.322842 0.000000
1.310252 0.000000
1.344424 0.000015
1.401079 0.000000
1.435252 0.000000
1.422662 0.000000
1.456835 0.000000
1.445144 0.000000
1.479317 0.000000
1.466727 0.000000
1.500899 0.000019
0.988309 0.000000
1.022482 0.000000
1.009892 0.000000
1.044065 0.000000
1.032374 0.000000
1.066547 0.000000
1.053957 0.000000
1.088129 0.000051
1.144784 0.000000
1.178957 0.000000
1.166367 0.000000
1.200540 0.000000
1.188849 0.000000
1.223022 0.000000
1.210432 0.000000
1.244604 0.000259
1.484712 0.000000
1.518885 0.000000
1.506295 0.000000
1.540468 0.000000
1.528777 0.000000
1.562950 0.000000
1.550360 0.000000
1.584532 0.000008
1.641187 0.000000
1.675360 0.000000
1.662770 0.000000
1.696942 0.000000
1.685252 0.000000
1.719424 0.000000
1.706835 0.000000
1.741007 0.000011
1.217626 0.000000
1.251799 0.000000
1.239209 0.000000
1.273381 0.000000
1.261691 0.000000
1.295863 0.000000
1.283273 0.000000
1.317446 0.000049
1.374101 0.000000
1.408273 0.000000
1.395683 0.000000
1.429856 0.000000
1.418165 0.000000
1.452338 0.000000
1.439748 0.000000
1.473921 0.000249
1.714029 0.000000
1.748201 0.000000
1.735612 0.000000
1.769784 0.000000
1.758094 0.000000
1.792266 0.000000
1.779676 0.000000
1.813849 0.000008
1.870504 0.000000
1.904676 0.000000
1.892086 0.000000
1.926259 0.000000
1.914568 0.000000
1.948741 0.000000
1.936151 0.000000
1.970324 0.000010
1.457734 0.000000
1.491906 0.000000
1.479317 0.000000
1.513489 0.000000
1.501799 0.000000
1.535971 0.000000
1.523381 0.000000
1.557554 0.000026
1.614209 0.000000
1.648381 0.000000
1.635791 0.000000
1.669964 0.000000
1.658273 0.000000
1.692446 0.000000
1.679856 0.000000
1.714029 0.000135
1.954137 0.000000
1.988309 0.000000
1.975719 0.000000
2.009892 0.000000
1.998201 0.000000
2.032374 0.000000
2.019784 0.000000
2.053957 0.000004
2.110612 0.000000
2.144784 0.000000
2.132194 0.000000
2.166367 0.000000
2.154676 0.000000
2.188849 0.000000
2.176259 0.000000
2.210432 0.000005
0.977518 0.000000
1.011691 0.000000
0.999101 0.000000
1.033273 0.000000
1.021583 0.000000
1.055755 0.000000
1.043165 0.000000
1.077338 0.000093
1.133993 0.000000
1.168165 0.000000
1.155576 0.000000
1.189748 0.000000
1.178058 0.000000
1.212230 0.000000
1.199640 0.000000
1.233813 0.000474
1.473921 0.000000
1.508094 0.000000
1.495504 0.000000
1.529676 0.000000
1.517986 0.000000
1.552158 0.000000
1.539568 0.000000
1.573741 0.000015
1.630396 0.000000
1.664568 0.000000
1.651978 0.000000
1.686151 0.000000
1.674460 0.000000
1.708633 0.000000
1.696043 0.000000
1.730216 0.000019
1.217626 0.000000
1.251799 0.000000
1.239209 0.000000
1.273381 0.000000
1.261691 0.000000
1.295863 0.000000
1.283273 0.000000
1.317446 0.000050
1.374101 0.000000
1.408273 0.000000
1.395683 0.000000
1.429856 0.000000
1.418165 0.000000
1.452338 0.000000
1.439748 0.000000
1.473921 0.000257
1.714029 0.000000
1.748201 0.000000
1.735612 0.000000
1.769784 0.000000
1.758094 0.000000
1.792266 0.000000
1.779676 0.000000
1.813849 0.000008
1.870504 0.000000
1.904676 0.000000
1.892086 0.000000
1.926259 0.000000
1.914568 0.000000
1.948741 0.000000
1.936151 0.000000
1.970324 0.000010
1.446942 0.000000
1.481115 0.000000
1.468525 0.000000
1.502698 0.000000
1.491007 0.000000
1.525180 0.000000
1.512590 0.000000
1.546763 0.000048
1.603417 0.000000
1.637590 0.000000
1.625000 0.000000
1.659173 0.000000
1.647482 0.000000
1.681655 0.000000
1.669065 0.000000
1.703237 0.000247
1.943345 0.000000
1.977518 0.000000
1.964928 0.000000
1.999101 0.000000
1.987410 0.000000
2.021583 0.000000
2.008993 0.000000
2.043165 0.000008
2.099820 0.000000
2.133993 0.000000
2.121403 0.000000
2.155576 0.000000
2.143885 0.000000
2.178058 0.000000
2.165468 0.000000
2.199640 0.000010
1.687050 0.000000
1.721223 0.000000
1.708633 0.000000
1.742806 0.000000
1.731115 0.000000
1.765288 0.000000
1.752698 0.000000
1.786871 0.000026
1.843525 0.000000
1.877698 0.000000
1.865108 0.000000
1.899281 0.000000
1.887590 0.000000
1.921763 0.000000
1.909173 0.000000
1.943345 0.000134
2.183453 0.000000
2.217626 0.000000
2.205036 0.000000
2.239209 0.000000
2.227518 0.000000
2.261691 0.000000
2.249101 0.000000
2.283273 0.000004
2.339928 0.000000
2.374101 0.000000
2.361511 0.000000
2.395683 0.000000
2.383993 0.000000
2.418165 0.000000
2.405576 0.000000
2.439748 0.000005
1.212230 0.000000
1.246403 0.000000
1.233813 0.000000
1.267986 0.000000
1.256295 0.000000
1.290468 0.000000
1.277878 0.000000
1.312050 0.000034
1.368705 0.000000
1.402878 0.000000
1.390288 0.000000
1.424460 0.000000
1.412770 0.000000
1.446942 0.000000
1.434353 0.000000
1.468525 0.000174
1.708633 0.000000
1.742806 0.000000
1.730216 0.000000
1.764388 0.000000
1.752698 0.000000
1.786871 0.000000
1.774281 0.000000
1.808453 0.000006
1.865108 0.000000
1.899281 0.000000
1.886691 0.000000
1.920863 0.000000
1.909173 0.000000
1.943345 0.000000
1.930755 0.000000
1.964928 0.000007
1.452338 0.000000
1.486511 0.000000
1.473921 0.000000
1.508094 0.000000
1.496403 0.000000
1.530576 0.000000
1.517986 0.000000
1.552158 0.000018
1.608813 0.000000
1.642986 0.000000
1.630396 0.000000
1.664568 0.000000
1.652878 0.000000
1.687050 0.000000
1.674460 0.000000
1.708633 0.000094
1.948741 0.000000
1.982914 0.000000
1.970324 0.000000
2.004496 0.000000
1.992806 0.000000
2.026978 0.000000
2.014388 0.000000
2.048561 0.000003
2.105216 0.000000
2.139388 0.000000
2.126799 0.000000
2.160971 0.000000
2.149281 0.000000
2.183453 0.000000
2.170863 0.000000
2.205036 0.000004
1.681655 0.000000
1.715827 0.000000
1.703237 0.000000
1.737410 0.000000
1.725719 0.000000
1.759892 0.000000
1.747302 0.000000
1.781475 0.000018
1.838129 0.000000
1.872302 0.000000
1.859712 0.000000
1.893885 0.000000
1.882194 0.000000
1.916367 0.000000
1.903777 0.000000
1.937950 0.000091
2.178058 0.000000
2.212230 0.000000
2.199640 0.000000
2.233813 0.000000
2.222122 0.000000
2.256295 0.000000
2.243705 0.000000
2.277878 0.000003
2.334532 0.000000
2.368705 0.000000
2.356115 0.000000
2.390288 0.000000
2.378597 0.000000
2.412770 0.000000
2.400180 0.000000
2.434353 0.000004
1.921763 0.000000
1.955935 0.000000
1.943345 0.000000
1.977518 0.000000
1.965827 0.000000
2.000000 0.000000
1.987410 0.000000
2.021583 0.000010
2.078237 0.000000
2.112410 0.000000
2.099820 0.000000
2.133993 0.000000
2.122302 0.000000
2.156475 0.000000
2.143885 0.000000
2.178058 0.000049
2.418165 0.000000
2.452338 0.000000
2.439748 0.000000
2.473921 0.000000
2.462230 0.000000
2.496403 0.000000
2.483813 0.000000
2.517986 0.000002
2.574640 0.000000
2.608813 0.000000
2.596223 0.000000
2.630396 0.000000
2.618705 0.000000
2.652878 0.000000
2.640288 0.000000
2.674460 0.000002
