0.000000 0.000378
0.057491 0.000042
0.937282 0.003187
0.994774 0.016117
0.942509 0.117465
1.000000 0.801715
1.879791 0.012405
1.937282 0.000921
0.893728 0.002775
0.951220 0.021996
1.831010 0.000944
1.888502 0.000476
1.836237 0.000520
1.893728 0.003893
2.773519 0.000217
2.831010 0.000356
0.932056 0.000002
0.989547 0.000027
1.869338 0.000005
1.926829 0.000011
1.874564 0.000075
1.932056 0.000527
2.811847 0.000012
2.869338 0.000000
1.825784 0.000140
1.883275 0.001064
2.763066 0.000059
2.820557 0.000068
2.768293 0.000129
2.825784 0.000911
3.705575 0.000021
3.763066 0.000007
0.893728 0.000018
0.951220 0.000000
1.831010 0.000099
1.888502 0.000092
1.836237 0.005351
1.893728 0.006595
2.773519 0.000869
2.831010 0.000042
1.787456 0.000124
1.844948 0.000183
2.724739 0.000045
2.782230 0.000001
2.729965 0.000027
2.787456 0.000032
3.667247 0.000013
3.724739 0.000001
1.825784 0.000000
1.883275 0.000000
2.763066 0.000000
2.820557 0.000000
2.768293 0.000003
2.825784 0.000004
3.705575 0.000001
3.763066 0.000000
2.719512 0.000007
2.777003 0.000009
3.656794 0.000003
3.714286 0.000000
3.662021 0.000006
3.719512 0.000008
4.599303 0.000001
4.656794 0.000000
