0.000000 0.000263
0.057491 0.000025
0.937282 0.000111
0.994774 0.085499
0.942509 0.001557
1.000000 0.904149
1.879791 0.000039
1.937282 0.000026
0.893728 0.000073
0.951220 0.002610
1.831010 0.000128
1.888502 0.000053
1.836237 0.000024
1.893728 0.000004
2.773519 0.000008
2.831010 0.001632
0.932056 0.000000
0.989547 0.000455
1.869338 0.000002
1.926829 0.000008
1.874564 0.000002
1.932056 0.000015
2.811847 0.000002
2.869338 0.000023
1.825784 0.000004
1.883275 0.001185
2.763066 0.000012
2.820557 0.000165
2.768293 0.000003
2.825784 0.000202
3.705575 0.000000
3.763066 0.000018
0.893728 0.000109
0.951220 0.000008
1.831010 0.000383
1.888502 0.000015
1.836237 0.000505
1.893728 0.000038
2.773519 0.000575
2.831010 0.000048
1.787456 0.000010
1.844948 0.000000
2.724739 0.000004
2.782230 0.000001
2.729965 0.000000
2.787456 0.000000
3.667247 0.000002
3.724739 0.000001
1.825784 0.000000
1.883275 0.000000
2.763066 0.000000
2.820557 0.000000
2.768293 0.000000
2.825784 0.000000
3.705575 0.000000
3.763066 0.000000
2.719512 0.000001
2.777003 0.000000
3.656794 0.000001
3.714286 0.000000
3.662021 0.000001
3.719512 0.000000
4.599303 0.000000
4.656794 0.000000
