0.000000 0.000335
0.057491 0.000060
0.937282 0.002259
0.994774 0.014660
0.942509 0.092642
1.000000 0.825039
1.879791 0.014248
1.937282 0.000655
0.893728 0.002289
0.951220 0.024457
1.831010 0.000999
1.888502 0.000558
1.836237 0.000467
1.893728 0.004645
2.773519 0.000227
2.831010 0.000429
0.932056 0.000003
0.989547 0.000049
1.869338 0.000005
1.926829 0.000011
1.874564 0.000063
1.932056 0.000587
2.811847 0.000015
2.869338 0.000001
1.825784 0.000109
1.883275 0.001105
2.763066 0.000051
2.820557 0.000060
2.768293 0.000080
2.825784 0.000722
3.705575 0.000017
3.763066 0.000010
0.893728 0.000019
0.951220 0.000001
1.831010 0.000096
1.888502 0.000075
1.836237 0.005140
1.893728 0.006417
2.773519 0.000859
2.831010 0.000045
1.787456 0.000127
1.844948 0.000193
2.724739 0.000046
2.782230 0.000001
2.729965 0.000030
2.787456 0.000036
3.667247 0.000016
3.724739 0.000001
1.825784 0.000000
1.883275 0.000000
2.763066 0.000000
2.820557 0.000000
2.768293 0.000004
2.825784 0.000005
3.705575 0.000001
3.763066 0.000000
2.719512 0.000007
2.777003 0.000009
3.656794 0.000003
3.714286 0.000000
3.662021 0.000004
3.719512 0.000006
4.599303 0.000001
4.656794 0.000000
