0.000000 0.000003
0.034483 0.012145
0.049569 0.000000
0.084052 0.004565
0.563578 0.000000
0.598060 0.002169
0.613147 0.000000
0.647629 0.001492
0.596983 0.000053
0.631466 0.248173
0.646552 0.000010
0.681034 0.104176
1.160560 0.000000
1.195043 0.000597
1.210129 0.000001
1.244612 0.004095
0.558190 0.000000
0.592672 0.000750
0.607759 0.000000
0.642241 0.000295
1.121767 0.000000
1.156250 0.000037
1.171336 0.000000
1.205819 0.000034
1.155172 0.000001
1.189655 0.004194
1.204741 0.000000
1.239224 0.001796
1.718750 0.000000
1.753233 0.000042
1.768319 0.000000
1.802802 0.000143
0.278017 0.000001
0.312500 0.006916
0.327586 0.000000
0.362069 0.002599
0.841595 0.000000
0.876078 0.001235
0.891164 0.000000
0.925647 0.000850
0.875000 0.000030
0.909483 0.141329
0.924569 0.000006
0.959052 0.059326
1.438578 0.000000
1.473060 0.000340
1.488147 0.000000
1.522629 0.002332
0.836207 0.000000
0.870690 0.000427
0.885776 0.000000
0.920259 0.000168
1.399784 0.000000
1.434267 0.000021
1.449353 0.000000
1.483836 0.000019
1.433190 0.000001
1.467672 0.002388
1.482759 0.000000
1.517241 0.001023
1.996767 0.000000
2.031250 0.000024
2.046336 0.000000
2.080819 0.000081
0.318966 0.000001
0.353448 0.006158
0.368534 0.000000
0.403017 0.002315
0.882543 0.000000
0.917026 0.001100
0.932112 0.000000
0.966595 0.000757
0.915948 0.000027
0.950431 0.125840
0.965517 0.000005
1.000000 0.052824
1.479526 0.000000
1.514009 0.000303
1.529095 0.000000
1.563578 0.002077
0.877155 0.000000
0.911638 0.000380
0.926724 0.000000
0.961207 0.000149
1.440733 0.000000
1.475216 0.000019
1.490302 0.000000
1.524784 0.000017
1.474138 0.000000
1.508621 0.002126
1.523707 0.000000
1.558190 0.000911
2.037716 0.000000
2.072198 0.000021
2.087284 0.000000
2.121767 0.000072
0.596983 0.000001
0.631466 0.003507
0.646552 0.000000
0.681034 0.001318
1.160560 0.000000
1.195043 0.000626
1.210129 0.000000
1.244612 0.000431
1.193966 0.000015
1.228448 0.071663
1.243534 0.000003
1.278017 0.030082
1.757543 0.000000
1.792026 0.000172
1.807112 0.000000
1.841595 0.001183
1.155172 0.000000
1.189655 0.000217
1.204741 0.000000
1.239224 0.000085
1.718750 0.000000
1.753233 0.000011
1.768319 0.000000
1.802802 0.000010
1.752155 0.000000
1.786638 0.001211
1.801724 0.000000
1.836207 0.000519
2.315733 0.000000
2.350216 0.000012
2.365302 0.000000
2.399784 0.000041
0.285560 0.000000
0.320043 0.001200
0.335129 0.000000
0.369612 0.000451
0.849138 0.000000
0.883621 0.000214
0.898707 0.000000
0.933190 0.000147
0.882543 0.000003
0.917026 0.024516
0.932112 0.000001
0.966595 0.010290
1.446121 0.000000
1.480603 0.000059
1.495690 0.000000
1.530172 0.000405
0.843750 0.000000
0.878233 0.000074
0.893319 0.000000
0.927802 0.000029
1.407328 0.000000
1.441810 0.000004
1.456897 0.000000
1.491379 0.000003
1.440733 0.000000
1.475216 0.000414
1.490302 0.000000
1.524784 0.000177
2.004310 0.000000
2.038793 0.000004
2.053879 0.000000
2.088362 0.000014
0.563578 0.000000
0.598060 0.000683
0.613147 0.000000
0.647629 0.000257
1.127155 0.000000
1.161638 0.000122
1.176724 0.000000
1.211207 0.000084
1.160560 0.000002
1.195043 0.013961
1.210129 0.000001
1.244612 0.005860
1.724138 0.000000
1.758621 0.000034
1.773707 0.000000
1.808190 0.000230
1.121767 0.000000
1.156250 0.000042
1.171336 0.000000
1.205819 0.000017
1.685345 0.000000
1.719828 0.000002
1.734914 0.000000
1.769397 0.000002
1.718750 0.000000
1.753233 0.000236
1.768319 0.000000
1.802802 0.000101
2.282328 0.000000
2.316810 0.000002
2.331897 0.000000
2.366379 0.000008
0.604526 0.000000
0.639009 0.000608
0.654095 0.000000
0.688578 0.000229
1.168103 0.000000
1.202586 0.000109
1.217672 0.000000
1.252155 0.000075
1.201509 0.000002
1.235991 0.012431
1.251078 0.000000
1.285560 0.005218
1.765086 0.000000
1.799569 0.000030
1.814655 0.000000
1.849138 0.000205
1.162716 0.000000
1.197198 0.000038
1.212284 0.000000
1.246767 0.000015
1.726293 0.000000
1.760776 0.000002
1.775862 0.000000
1.810345 0.000002
1.759698 0.000000
1.794181 0.000210
1.809267 0.000000
1.843750 0.000090
2.323276 0.000000
2.357759 0.000002
2.372845 0.000000
2.407328 0.000007
0.882543 0.000000
0.917026 0.000346
0.932112 0.000000
0.966595 0.000130
1.446121 0.000000
1.480603 0.000062
1.495690 0.000000
1.530172 0.000043
1.479526 0.000001
1.514009 0.007079
1.529095 0.000000
1.563578 0.002971
2.043103 0.000000
2.077586 0.000017
2.092672 0.000000
2.127155 0.000117
1.440733 0.000000
1.475216 0.000021
1.490302 0.000000
1.524784 0.000008
2.004310 0.000000
2.038793 0.000001
2.053879 0.000000
2.088362 0.000001
2.037716 0.000000
2.072198 0.000120
2.087284 0.000000
2.121767 0.000051
2.601293 0.000000
2.635776 0.000001
2.650862 0.000000
2.685345 0.000004
