0.000000 0.000000
0.059028 0.000000
0.940972 0.000000
1.000000 0.009113
0.902778 0.000000
0.961806 0.978139
1.843750 0.000000
1.902778 0.000000
0.894097 0.000000
0.953125 0.012589
1.835069 0.000000
1.894097 0.000011
1.796875 0.000000
1.855903 0.000000
2.737847 0.000000
2.796875 0.000003
0.920139 0.000000
0.979167 0.000067
1.861111 0.000000
1.920139 0.000004
1.822917 0.000000
1.881944 0.000001
2.763889 0.000000
2.822917 0.000000
1.814236 0.000000
1.873264 0.000065
2.755208 0.000000
2.814236 0.000002
2.717014 0.000000
2.776042 0.000006
3.657986 0.000000
3.717014 0.000000
